test/data/MultiAscFiles/storm_20140819_1550.asc
ncols         460
nrows         490
xllcorner     457580.44
yllcorner     832998.69
cellsize      759.442170269541
nodata_value  -9999.0
[rows 110 to 164 of 490, columns 0 to 95 of 460]
-9999.0 -9999.0 -9999.0 0 0 0 0 0 0 0 0 0 0 0 0 0 0 0 0 0 0 0 0 0 0 0 0 0 0 0 0 0 0 0 0 0 0 0 0 0 0 0 0 0 0 0 0 0 0 0 0 0 0 0 0 0 0 0 0 0 0 0 0 0 0 0 0 0 0 0 0.027 0.109 0.162 0.165 0.167 0.19 0.196 0.193 0.163 0.126 0.119 0.118 0.14 0.18 0.18 0.176 0.156 0.126 0.12 0.117 0.101 0.08 0.078 0.076 0.091 0.116
-9999.0 -9999.0 -9999.0 0 0 0 0 0 0 0 0 0 0 0 0 0 0 0 0 0 0 0 0 0 0 0 0 0 0 0 0 0 0 0 0 0 0 0 0 0 0 0 0 0 0 0 0 0 0 0 0 0 0 0 0 0 0 0 0 0 0 0 0 0 0 0 0 0 0 0 0.043 0.137 0.143 0.149 0.178 0.233 0.239 0.243 0.196 0.103 0.102 0.102 0.105 0.11 0.108 0.107 0.094 0.074 0.074 0.073 0.064 0.051 0.051 0.05 0.046 0.042
-9999.0 -9999.0 -9999.0 0 0 0 0 0 0 0 0 0 0 0 0 0 0 0 0 0 0 0 0 0 0 0 0 0 0 0 0 0 0 0 0 0 0 0 0 0 0 0 0 0 0 0 0 0 0 0 0 0 0 0 0 0 0 0 0 0 0 0 0 0 0 0 0 0 0 0 0.048 0.149 0.154 0.159 0.189 0.244 0.25 0.246 0.188 0.107 0.106 0.104 0.107 0.112 0.11 0.109 0.096 0.076 0.075 0.074 0.065 0.052 0.051 0.05 0.046 0.042
-9999.0 -9999.0 -9999.0 0 0 0 0 0 0 0 0 0 0 0 0 0 0 0 0 0 0 0 0 0 0 0 0 0 0 0 0 0 0 0 0 0 0 0 0 0 0 0 0 0 0 0 0 0 0 0 0 0 0 0 0 0 0 0 0 0 0 0 0 0 0 0 0 0 0 0 0.052 0.161 0.165 0.169 0.199 0.256 0.261 0.255 0.193 0.109 0.108 0.106 0.109 0.115 0.113 0.111 0.097 0.077 0.076 0.075 0.066 0.052 0.051 0.05 0.046 0.042
-9999.0 -9999.0 -9999.0 0 0 0 0 0 0 0 0 0 0 0 0 0 0 0 0 0 0 0 0 0 0 0 0 0 0 0 0 0 0 0 0 0 0 0 0 0 0 0 0 0 0 0 0 0 0 0 0 0 0 0 0 0 0 0 0 0 0 0 0 0 0 0 0 0 0 0 0.057 0.171 0.175 0.178 0.208 0.257 0.254 0.249 0.193 0.111 0.11 0.107 0.11 0.117 0.115 0.113 0.097 0.077 0.077 0.075 0.066 0.052 0.051 0.05 0.047 0.042
-9999.0 -9999.0 -9999.0 0 0 0 0 0 0 0 0 0 0 0 0 0 0 0 0 0 0 0 0 0 0 0 0 0 0 0 0 0 0 0 0 0 0 0 0 0 0 0 0 0 0 0 0 0 0 0 0 0 0 0 0 0 0 0 0.0055538965 0.018 0.02 0.021 0.022 0.023 0.024 0.025 0.05 0.099 0.1 0.101 0.126 0.175 0.178 0.181 0.18 0.174 0.17 0.17 0.14 0.094 0.092 0.091 0.087 0.083 0.082 0.08 0.071 0.06 0.06 0.059 0.055 0.05 0.049 0.048 0.056 0.068
-9999.0 -9999.0 -9999.0 0 0 0 0 0 0 0 0 0 0 0 0 0 0 0 0 0 0 0 0 0 0 0 0 0 0 0 0 0 0 0 0 0 0 0 0 0 0 0 0 0 0 0 0 0 0 0 0 0 0 0 0 0 0 0 0.01 0.033 0.036 0.038 0.04 0.042 0.044 0.055 0.111 0.187 0.19 0.193 0.189 0.177 0.179 0.179 0.146 0.09 0.09 0.09 0.084 0.073 0.073 0.071 0.059 0.041 0.04 0.039 0.039 0.038 0.038 0.037 0.041 0.047 0.046 0.045 0.071 0.106
-9999.0 -9999.0 -9999.0 0 0 0 0 0 0 0 0 0 0 0 0 0 0 0 0 0 0 0 0 0 0 0 0 0 0 0 0 0 0 0 0 0 0 0 0 0 0 0 0 0 0 0 0 0 0 0 0 0 0 0 0 0 0 0 0.011 0.036 0.039 0.041 0.043 0.044 0.046 0.072 0.144 0.195 0.197 0.199 0.193 0.181 0.182 0.179 0.143 0.09 0.091 0.089 0.082 0.072 0.072 0.07 0.058 0.041 0.04 0.039 0.039 0.038 0.038 0.037 0.04 0.046 0.045 0.044 0.071 0.106
-9999.0 -9999.0 -9999.0 0 0 0 0 0 0 0 0.0011376739 0.0066677663 0.0091359131 0.012 0.011 0 0 0 0 0 0 0 0 0 0 0 0 0 0 0 0 0 0 0 0 0 0 0 0 0 0 0 0 0 0 0 0 0 0 0 0 0 0 0 0 0 0 0 0.012 0.038 0.041 0.044 0.046 0.047 0.049 0.076 0.152 0.202 0.203 0.204 0.198 0.185 0.185 0.181 0.144 0.091 0.091 0.089 0.081 0.071 0.072 0.07 0.057 0.04 0.04 0.039 0.038 0.038 0.037 0.036 0.04 0.046 0.045 0.044 0.07 0.104
-9999.0 -9999.0 -9999.0 0 0 0 0 0 0 0 0.0040850458 0.023 0.03 0.038 0.035 0 0 0 0 0 0 0 0 0 0 0 0 0 0 0 0 0 0 0 0 0 0 0 0 0 0 0 0 0 0 0 0 0 0 0 0 0 0 0 0 0 0 0 0.013 0.041 0.044 0.047 0.047 0.046 0.048 0.077 0.154 0.201 0.203 0.203 0.194 0.183 0.181 0.177 0.141 0.09 0.088 0.088 0.08 0.07 0.07 0.069 0.056 0.04 0.039 0.038 0.037 0.037 0.036 0.036 0.039 0.045 0.044 0.061 0.092 0.103
-9999.0 -9999.0 -9999.0 0 0 0 0 0 0 0 0.0078779468 0.042 0.049 0.056 0.049 0 0 0 0 0 0 0 0 0 0 0 0 0 0 0 0 0 0 0 0 0 0 0 0 0 0 0 0 0 0 0 0.016 0.055 0.064 0.074 0.126 0.228 0.242 0.254 0.229 0.174 0.184 0.189 0.127 0.01 0.011 0.012 0.036 0.08 0.082 0.092 0.122 0.149 0.15 0.151 0.159 0.173 0.172 0.17 0.135 0.083 0.084 0.083 0.073 0.057 0.049 0.049 0.046 0.04 0.039 0.039 0.042 0.047 0.046 0.045 0.072 0.108 0.107 0.114 0.142 0.163
-9999.0 -9999.0 -9999.0 0 0 0 0 0 0 0 0.0093706399 0.047 0.052 0.058 0.049 0 0 0 0 0 0 0 0 0 0 0 0 0 0 0 0 0 0 0 0 0 0 0 0 0 0 0 0 0 0 0 0.023 0.078 0.092 0.132 0.232 0.31 0.33 0.345 0.311 0.237 0.25 0.256 0.164 0 0 0 0.033 0.093 0.095 0.098 0.109 0.128 0.128 0.128 0.143 0.168 0.166 0.165 0.131 0.081 0.082 0.08 0.066 0.039 0.027 0.027 0.033 0.04 0.039 0.039 0.045 0.053 0.052 0.051 0.096 0.155 0.153 0.149 0.174 0.206
-9999.0 -9999.0 -9999.0 0 0 0 0 0 0 0 0.011 0.053 0.056 0.059 0.048 0 0 0 0 0 0 0 0 0 0 0 0 0 0 0 0 0 0 0 0 0 0 0 0 0 0 0 0 0 0 0 0.027 0.092 0.108 0.169 0.294 0.342 0.362 0.376 0.335 0.255 0.266 0.269 0.169 0 0 0 0.034 0.094 0.096 0.097 0.109 0.128 0.128 0.127 0.141 0.165 0.164 0.161 0.129 0.082 0.081 0.078 0.06 0.028 0.015 0.015 0.025 0.039 0.038 0.038 0.044 0.052 0.051 0.049 0.098 0.158 0.154 0.15 0.175 0.204
-9999.0 -9999.0 -9999.0 0 0 0.0012939252 0.0065070670 0.0081560435 0.012 0.016 0.028 0.057 0.059 0.06 0.047 0 0 0 0 0 0 0 0 0 0 0 0 0 0 0 0 0 0 0 0 0 0 0 0 0 0 0 0 0 0 0 0.032 0.117 0.158 0.222 0.336 0.374 0.393 0.403 0.352 0.272 0.281 0.284 0.178 0 0 0 0.035 0.095 0.096 0.097 0.109 0.127 0.127 0.125 0.139 0.163 0.161 0.158 0.125 0.079 0.078 0.076 0.06 0.033 0.021 0.021 0.028 0.038 0.037 0.038 0.045 0.053 0.056 0.055 0.1 0.153 0.15 0.147 0.171 0.199
-9999.0 -9999.0 -9999.0 0 0 0.0025904300 0.014 0.022 0.029 0.037 0.046 0.058 0.057 0.057 0.046 0.0082005607 0 0 0 0 0 0 0 0 0 0 0 0 0 0 0 0 0 0 0 0 0 0 0 0 0 0 0.0041092024 0.013 0.014 0.015 0.053 0.166 0.246 0.301 0.378 0.404 0.423 0.425 0.364 0.295 0.302 0.309 0.207 0.021 0.02 0.02 0.047 0.095 0.096 0.096 0.106 0.122 0.122 0.121 0.135 0.158 0.156 0.153 0.121 0.076 0.074 0.072 0.067 0.059 0.054 0.054 0.047 0.037 0.037 0.05 0.06 0.072 0.1 0.107 0.133 0.148 0.145 0.143 0.167 0.194
-9999.0 -9999.0 -9999.0 0 0 0.0030723251 0.018 0.033 0.04 0.047 0.053 0.052 0.051 0.049 0.044 0.023 0 0 0 0 0 0 0 0 0 0 0 0 0 0 0 0 0 0 0 0 0 0 0 0 0 0 0.022 0.072 0.081 0.089 0.139 0.243 0.27 0.297 0.355 0.437 0.452 0.465 0.429 0.358 0.367 0.371 0.309 0.206 0.21 0.213 0.172 0.103 0.104 0.103 0.087 0.065 0.066 0.066 0.077 0.095 0.099 0.097 0.091 0.084 0.084 0.083 0.103 0.13 0.128 0.125 0.112 0.095 0.091 0.095 0.15 0.216 0.222 0.221 0.225 0.223 0.215 0.211 0.236 0.265
-9999.0 -9999.0 -9999.0 0 0 0.0031618779 0.018 0.032 0.038 0.044 0.049 0.047 0.045 0.043 0.038 0.019 0 0 0 0 0 0 0 0 0 0 0 0 0 0 0 0 0 0 0 0 0 0 0 0 0 0 0.028 0.088 0.1 0.141 0.22 0.257 0.283 0.3 0.35 0.447 0.46 0.472 0.436 0.365 0.374 0.381 0.323 0.222 0.227 0.232 0.184 0.105 0.106 0.105 0.084 0.057 0.057 0.057 0.069 0.087 0.088 0.085 0.084 0.087 0.086 0.085 0.11 0.144 0.142 0.14 0.127 0.111 0.108 0.106 0.179 0.266 0.263 0.258 0.254 0.247 0.241 0.236 0.26 0.286
-9999.0 -9999.0 -9999.0 0 0 0.0030730849 0.017 0.032 0.037 0.042 0.045 0.042 0.04 0.037 0.031 0.014 0 0 0 0 0 0 0 0 0 0 0 0 0 0 0 0 0 0 0 0 0 0 0 0 0 0 0.031 0.097 0.111 0.163 0.249 0.271 0.296 0.309 0.357 0.455 0.466 0.477 0.439 0.368 0.376 0.385 0.326 0.223 0.227 0.231 0.182 0.105 0.105 0.103 0.083 0.056 0.056 0.055 0.067 0.085 0.084 0.081 0.081 0.085 0.084 0.082 0.107 0.139 0.137 0.135 0.124 0.11 0.107 0.104 0.178 0.266 0.262 0.256 0.25 0.244 0.239 0.235 0.257 0.28
-9999.0 -9999.0 -9999.0 0 0 0.0031533928 0.017 0.032 0.036 0.039 0.041 0.038 0.035 0.031 0.024 0.0096298764 0 0 0 0 0 0 0 0 0 0 0 0 0 0 0 0 0 0 0 0 0 0 0 0 0 0 0.034 0.104 0.119 0.184 0.277 0.271 0.293 0.307 0.361 0.458 0.471 0.48 0.441 0.37 0.378 0.387 0.326 0.222 0.224 0.227 0.178 0.103 0.102 0.101 0.08 0.054 0.054 0.053 0.065 0.082 0.08 0.076 0.077 0.08 0.08 0.079 0.102 0.133 0.131 0.129 0.117 0.104 0.102 0.114 0.188 0.254 0.25 0.245 0.239 0.235 0.23 0.227 0.249 0.271
-9999.0 -9999.0 -9999.0 0 0 0.0013504189 0.0073982310 0.014 0.015 0.017 0.018 0.016 0.015 0.013 0.01 0.0038008387 0 0 0 0 0 0 0 0 0 0 0 0 0 0 0 0 0 0 0 0 0 0 0.0058826949 0.018 0.02 0.023 0.057 0.122 0.137 0.191 0.264 0.255 0.272 0.287 0.331 0.399 0.411 0.42 0.383 0.318 0.326 0.335 0.284 0.198 0.198 0.2 0.162 0.104 0.103 0.101 0.082 0.057 0.056 0.055 0.069 0.088 0.087 0.083 0.083 0.086 0.085 0.084 0.122 0.168 0.166 0.161 0.147 0.135 0.131 0.169 0.237 0.26 0.254 0.246 0.235 0.227 0.223 0.22 0.239 0.253
-9999.0 -9999.0 -9999.0 0 0 0 0 0 0 0 0 0 0 0 0 0 0 0 0 0 0 0 0 0 0 0 0 0 0 0 0 0 0 0 0 0 0 0 0.016 0.048 0.055 0.062 0.094 0.149 0.162 0.175 0.2 0.233 0.246 0.26 0.266 0.265 0.269 0.274 0.242 0.189 0.193 0.198 0.173 0.134 0.135 0.137 0.127 0.111 0.109 0.107 0.092 0.072 0.068 0.068 0.091 0.124 0.129 0.125 0.124 0.123 0.121 0.124 0.236 0.37 0.373 0.361 0.343 0.331 0.325 0.321 0.337 0.351 0.345 0.337 0.282 0.227 0.223 0.22 0.209 0.156
-9999.0 -9999.0 -9999.0 0 0 0 0 0 0 0 0 0 0 0 0 0 0 0 0 0 0 0 0 0 0 0 0 0 0 0 0 0 0 0 0 0 0 0 0.017 0.05 0.059 0.064 0.096 0.158 0.17 0.183 0.207 0.239 0.25 0.261 0.265 0.263 0.267 0.271 0.238 0.186 0.189 0.193 0.168 0.131 0.132 0.133 0.123 0.108 0.106 0.105 0.093 0.076 0.073 0.072 0.099 0.136 0.137 0.132 0.128 0.126 0.124 0.122 0.237 0.37 0.366 0.36 0.343 0.327 0.322 0.317 0.332 0.347 0.341 0.334 0.277 0.221 0.217 0.213 0.168 0.113
-9999.0 -9999.0 -9999.0 0 0 0 0 0 0 0 0 0 0 0 0 0 0 0 0 0 0 0 0 0 0 0 0 0 0 0 0 0 0 0 0 0 0 0 0.018 0.053 0.062 0.068 0.102 0.165 0.177 0.189 0.212 0.241 0.25 0.259 0.261 0.259 0.262 0.265 0.232 0.182 0.185 0.188 0.163 0.127 0.128 0.128 0.118 0.104 0.102 0.101 0.089 0.073 0.071 0.069 0.095 0.131 0.131 0.127 0.123 0.121 0.119 0.117 0.228 0.354 0.35 0.345 0.329 0.313 0.31 0.306 0.321 0.337 0.331 0.326 0.27 0.214 0.21 0.206 0.152 0.1
-9999.0 -9999.0 -9999.0 0 0 0 0 0 0 0 0 0 0 0 0 0 0 0 0 0 0 0 0 0 0 0 0 0 0 0 0 0 0 0 0.0045319675 0.018 0.032 0.047 0.054 0.078 0.131 0.157 0.176 0.173 0.184 0.186 0.203 0.243 0.25 0.256 0.257 0.254 0.257 0.26 0.227 0.178 0.18 0.182 0.158 0.123 0.123 0.124 0.114 0.099 0.096 0.095 0.084 0.07 0.067 0.065 0.09 0.123 0.123 0.119 0.116 0.114 0.112 0.135 0.245 0.335 0.331 0.327 0.313 0.298 0.294 0.291 0.309 0.325 0.321 0.316 0.261 0.208 0.203 0.199 0.146 0.096
-9999.0 -9999.0 -9999.0 0 0 0 0 0 0 0 0 0 0 0 0 0 0 0 0 0 0 0 0 0 0 0 0 0 0 0 0 0 0 0 0.011 0.037 0.056 0.077 0.112 0.167 0.21 0.236 0.265 0.292 0.304 0.31 0.285 0.254 0.26 0.264 0.256 0.244 0.249 0.253 0.214 0.157 0.158 0.16 0.139 0.109 0.108 0.109 0.098 0.08 0.078 0.077 0.072 0.066 0.065 0.063 0.083 0.107 0.106 0.103 0.138 0.179 0.175 0.204 0.275 0.314 0.311 0.307 0.282 0.256 0.253 0.25 0.262 0.274 0.271 0.267 0.23 0.181 0.165 0.162 0.125 0.087
-9999.0 -9999.0 -9999.0 0 0 0 0 0 0 0 0 0 0 0 0 0 0 0 0 0 0 0 0 0 0 0 0 0 0 0 0 0 0 0 0.017 0.053 0.072 0.1 0.165 0.236 0.261 0.276 0.316 0.394 0.409 0.423 0.363 0.262 0.267 0.27 0.255 0.234 0.24 0.243 0.198 0.133 0.134 0.135 0.118 0.093 0.09 0.091 0.078 0.058 0.057 0.057 0.06 0.064 0.064 0.063 0.075 0.086 0.083 0.081 0.184 0.299 0.296 0.291 0.29 0.292 0.291 0.287 0.236 0.187 0.185 0.179 0.173 0.171 0.168 0.166 0.16 0.115 0.077 0.075 0.076 0.067
-9999.0 -9999.0 -9999.0 0 0 0 0 0 0 0 0 0 0 0 0 0 0 0 0 0 0 0 0 0 0 0 0 0 0 0 0 0 0 0 0.022 0.064 0.082 0.122 0.194 0.245 0.273 0.28 0.313 0.389 0.402 0.415 0.354 0.256 0.26 0.263 0.249 0.229 0.232 0.236 0.191 0.13 0.13 0.13 0.113 0.09 0.089 0.087 0.073 0.059 0.058 0.057 0.059 0.063 0.064 0.061 0.072 0.083 0.081 0.078 0.179 0.29 0.289 0.283 0.281 0.28 0.276 0.269 0.22 0.177 0.176 0.174 0.168 0.162 0.16 0.158 0.117 0.077 0.073 0.071 0.05 0.03
-9999.0 -9999.0 -9999.0 0 0 0 0 0 0 0 0 0 0 0 0 0 0 0 0 0 0 0 0 0 0 0 0 0 0 0 0 0 0 0 0.026 0.074 0.092 0.131 0.201 0.251 0.275 0.279 0.311 0.384 0.396 0.407 0.345 0.25 0.253 0.256 0.242 0.222 0.224 0.226 0.183 0.125 0.125 0.125 0.107 0.085 0.085 0.083 0.069 0.056 0.056 0.055 0.056 0.06 0.06 0.058 0.068 0.08 0.077 0.075 0.172 0.276 0.274 0.269 0.266 0.265 0.262 0.255 0.209 0.168 0.166 0.165 0.16 0.155 0.153 0.151 0.109 0.071 0.069 0.068 0.045 0.026
-9999.0 -9999.0 -9999.0 0 0 0 0 0 0 0 0 0 0 0 0 0 0 0 0 0 0 0 0 0 0 0 0 0 0 0 0 0 0 0 0.03 0.087 0.109 0.137 0.196 0.254 0.274 0.292 0.329 0.377 0.388 0.399 0.336 0.244 0.246 0.247 0.233 0.214 0.215 0.217 0.175 0.121 0.12 0.12 0.103 0.08 0.079 0.076 0.065 0.053 0.053 0.052 0.054 0.056 0.055 0.053 0.063 0.073 0.071 0.069 0.162 0.26 0.26 0.255 0.252 0.25 0.245 0.24 0.197 0.159 0.158 0.157 0.151 0.147 0.146 0.144 0.103 0.067 0.066 0.064 0.042 0.024
-9999.0 -9999.0 -9999.0 0 0 0 0 0 0 0 0 0 0 0 0 0 0 0 0 0 0 0 0 0 0 0 0 0 0 0 0 0 0 0 0.045 0.12 0.135 0.152 0.157 0.152 0.163 0.173 0.219 0.282 0.293 0.304 0.283 0.249 0.251 0.252 0.271 0.299 0.304 0.306 0.22 0.109 0.108 0.107 0.092 0.063 0.05 0.049 0.047 0.046 0.046 0.045 0.053 0.063 0.063 0.062 0.066 0.071 0.069 0.067 0.119 0.175 0.176 0.173 0.178 0.182 0.179 0.176 0.145 0.118 0.117 0.117 0.111 0.107 0.107 0.106 0.086 0.059 0.051 0.049 0.029 0.013
-9999.0 -9999.0 -9999.0 0 0 0 0 0 0 0 0 0 0 0 0 0 0 0 0 0 0 0 0 0 0 0 0 0 0 0 0 0 0 0 0.053 0.135 0.146 0.158 0.142 0.112 0.118 0.122 0.169 0.234 0.243 0.252 0.251 0.245 0.247 0.249 0.289 0.347 0.358 0.359 0.245 0.105 0.104 0.102 0.078 0.043 0.031 0.031 0.035 0.04 0.04 0.039 0.053 0.069 0.069 0.069 0.069 0.069 0.068 0.066 0.082 0.102 0.103 0.1 0.111 0.12 0.119 0.118 0.096 0.077 0.077 0.076 0.071 0.067 0.066 0.065 0.061 0.045 0.033 0.032 0.014 0
-9999.0 -9999.0 -9999.0 0 0 0 0 0 0 0 0 0 0 0 0 0 0 0 0 0 0 0 0 0 0 0 0 0 0 0 0 0 0 0 0.056 0.14 0.149 0.158 0.14 0.11 0.114 0.117 0.162 0.221 0.229 0.237 0.237 0.233 0.235 0.237 0.281 0.343 0.356 0.355 0.24 0.105 0.105 0.101 0.066 0.03 0.029 0.029 0.033 0.038 0.038 0.037 0.051 0.067 0.067 0.066 0.066 0.066 0.065 0.063 0.078 0.096 0.097 0.095 0.105 0.114 0.113 0.111 0.091 0.073 0.072 0.071 0.068 0.065 0.064 0.062 0.045 0.032 0.031 0.03 0.013 0
-9999.0 -9999.0 -9999.0 0 0 0 0 0 0 0 0 0 0 0 0 0 0 0 0 0 0 0 0 0 0 0 0 0 0 0 0 0 0 0 0.059 0.144 0.15 0.157 0.138 0.108 0.11 0.113 0.154 0.208 0.215 0.222 0.224 0.223 0.225 0.227 0.27 0.328 0.337 0.336 0.23 0.105 0.098 0.095 0.064 0.03 0.028 0.028 0.032 0.036 0.035 0.035 0.049 0.064 0.064 0.062 0.063 0.063 0.062 0.06 0.074 0.09 0.092 0.09 0.099 0.108 0.106 0.105 0.086 0.068 0.067 0.067 0.064 0.061 0.06 0.057 0.041 0.029 0.028 0.028 0.012 0
-9999.0 -9999.0 -9999.0 0 0 0 0 0 0 0 0 0 0 0 0 0 0 0 0 0 0 0 0 0 0 0 0 0 0 0 0 0 0 0 0.056 0.136 0.143 0.148 0.131 0.104 0.105 0.107 0.146 0.196 0.201 0.207 0.213 0.217 0.218 0.219 0.266 0.32 0.318 0.316 0.247 0.134 0.092 0.09 0.074 0.042 0.026 0.026 0.03 0.034 0.034 0.033 0.046 0.06 0.06 0.059 0.059 0.06 0.059 0.058 0.07 0.085 0.087 0.083 0.092 0.102 0.101 0.1 0.081 0.065 0.064 0.063 0.06 0.056 0.055 0.055 0.039 0.026 0.026 0.026 0.011 0
-9999.0 -9999.0 -9999.0 0 0 0 0 0 0 0 0 0 0 0 0 0 0 0 0 0 0 0 0 0 0 0 0 0 0 0 0 0 0 0 0.01 0.043 0.068 0.074 0.084 0.09 0.092 0.093 0.121 0.157 0.161 0.166 0.269 0.387 0.389 0.391 0.364 0.325 0.316 0.305 0.232 0.159 0.15 0.148 0.097 0.042 0.037 0.037 0.033 0.031 0.03 0.029 0.044 0.059 0.059 0.058 0.064 0.07 0.069 0.068 0.064 0.062 0.062 0.061 0.066 0.068 0.066 0.064 0.053 0.045 0.044 0.044 0.045 0.045 0.043 0.035 0.018 0.0096025057 0.0095091928 0.0094645880 0.0040539908 0
-9999.0 -9999.0 -9999.0 0 0 0 0 0 0 0 0 0 0 0 0 0 0 0 0 0 0 0 0 0 0 0 0 0 0 0 0 0 0 0 0.0059400098 0.019 0.026 0.036 0.064 0.085 0.086 0.088 0.114 0.146 0.15 0.153 0.27 0.402 0.405 0.407 0.366 0.317 0.312 0.298 0.223 0.158 0.157 0.155 0.112 0.054 0.04 0.039 0.034 0.028 0.028 0.027 0.042 0.057 0.056 0.055 0.064 0.072 0.071 0.069 0.06 0.052 0.051 0.05 0.043 0.036 0.034 0.034 0.033 0.033 0.033 0.032 0.03 0.027 0.026 0.019 0.0060060951 0 0 0 0 0
-9999.0 -9999.0 -9999.0 0 0 0 0 0 0 0 0 0 0 0 0 0 0 0 0 0 0 0 0 0 0 0 0 0 0 0 0 0 0 0 0.0058223116 0.014 0.014 0.025 0.057 0.081 0.082 0.084 0.11 0.14 0.144 0.146 0.26 0.385 0.387 0.387 0.346 0.302 0.299 0.286 0.212 0.15 0.148 0.147 0.113 0.059 0.038 0.037 0.032 0.026 0.026 0.025 0.04 0.054 0.053 0.052 0.061 0.068 0.067 0.066 0.057 0.049 0.048 0.048 0.032 0.02 0.019 0.019 0.026 0.031 0.03 0.03 0.02 0.013 0.013 0.013 0.0053519718 0 0 0 0 0
-9999.0 -9999.0 -9999.0 0 0 0 0 0 0 0 0 0 0 0 0 0 0 0 0 0 0 0 0 0 0 0 0 0 0 0 0 0 0 0 0.0057160165 0.013 0.014 0.02 0.05 0.077 0.078 0.079 0.104 0.133 0.136 0.139 0.251 0.369 0.369 0.368 0.328 0.286 0.283 0.271 0.201 0.142 0.141 0.139 0.106 0.055 0.035 0.035 0.029 0.025 0.024 0.024 0.038 0.051 0.05 0.05 0.058 0.065 0.064 0.063 0.054 0.047 0.046 0.046 0.031 0.019 0.018 0.018 0.024 0.029 0.028 0.028 0.019 0.012 0.012 0.012 0.0048754727 0 0 0 0 0
-9999.0 -9999.0 -9999.0 0 0 0 0 0 0 0 0 0 0 0 0 0 0 0 0 0 0 0 0 0 0 0 0 0 0 0 0 0 0 0 0.0040572220 0.0095396917 0.01 0.01 0.034 0.062 0.063 0.067 0.087 0.106 0.108 0.121 0.225 0.32 0.32 0.32 0.288 0.255 0.253 0.244 0.186 0.135 0.133 0.131 0.098 0.05 0.034 0.033 0.028 0.023 0.022 0.022 0.035 0.047 0.046 0.046 0.053 0.059 0.059 0.059 0.051 0.044 0.044 0.043 0.029 0.017 0.017 0.017 0.022 0.027 0.026 0.026 0.017 0.01 0.01 0.01 0.0041246521 0 0 0 0 0
-9999.0 -9999.0 -9999.0 0 0 0 0 0 0 0 0 0 0 0 0 0 0 0 0 0 0 0 0 0 0 0 0 0 0 0 0 0 0 0 0 0 0 0 0.012 0.026 0.027 0.041 0.045 0.034 0.035 0.078 0.144 0.165 0.164 0.162 0.165 0.168 0.165 0.16 0.146 0.131 0.124 0.12 0.078 0.041 0.039 0.039 0.027 0.016 0.016 0.016 0.024 0.03 0.03 0.029 0.026 0.024 0.024 0.024 0.029 0.029 0.027 0.02 0.012 0.01 0.01 0.01 0.0067036431 0.0042549437 0.0042901235 0.0043464717 0.0029585920 0.0018394227 0.0018138898 0.0018608683 0.0007721471 0 0 0 0 0
-9999.0 -9999.0 -9999.0 0 0 0 0 0 0 0 0 0 0 0 0 0 0 0 0 0 0 0 0 0 0 0 0 0 0 0 0 0 0 0 0 0 0 0 0.012 0.026 0.026 0.028 0.032 0.033 0.034 0.059 0.122 0.158 0.156 0.154 0.157 0.158 0.156 0.153 0.139 0.126 0.124 0.118 0.074 0.038 0.038 0.037 0.025 0.015 0.015 0.015 0.022 0.027 0.027 0.026 0.022 0.019 0.019 0.019 0.017 0.016 0.015 0.012 0.0091507584 0.0083034057 0.0083082877 0.0083131492 0.0034698399 0 0 0 0 0 0 0 0 0 0 0 0 0
-9999.0 -9999.0 -9999.0 0 0 0 0 0 0 0 0 0 0 0 0 0 0 0 0 0 0 0 0 0 0 0 0 0 0 0 0 0 0 0 0 0 0 0 0.012 0.025 0.026 0.026 0.029 0.032 0.032 0.055 0.114 0.151 0.15 0.147 0.149 0.15 0.147 0.144 0.131 0.12 0.118 0.113 0.07 0.037 0.036 0.036 0.024 0.015 0.015 0.014 0.021 0.026 0.026 0.025 0.021 0.018 0.018 0.018 0.013 0.01 0.01 0.01 0.0088404631 0.0080000004 0.0080000004 0.0080000004 0.0032908034 0 0 0 0 0 0 0 0 0 0 0 0 0
-9999.0 -9999.0 -9999.0 0 0 0 0 0 0 0 0 0 0 0 0 0 0 0 0 0 0 0 0 0 0 0 0 0 0 0 0 0 0 0 0 0 0 0 0.012 0.025 0.025 0.025 0.029 0.032 0.031 0.05 0.108 0.145 0.143 0.141 0.142 0.142 0.139 0.136 0.124 0.113 0.112 0.108 0.068 0.035 0.035 0.034 0.027 0.018 0.014 0.014 0.02 0.025 0.024 0.024 0.02 0.018 0.018 0.017 0.013 0.0099999998 0.0097785825 0.0096240249 0.0084576188 0.0076338495 0.0076387315 0.0076435925 0.0031018420 0 0 0 0 0 0 0 0 0 0 0 0 0
-9999.0 -9999.0 -9999.0 0 0 0 0 0 0 0 0 0 0 0 0 0 0 0 0 0 0 0 0 0 0 0 0 0 0 0 0 0 0 0 0 0 0 0 0.0070501161 0.014 0.015 0.015 0.023 0.031 0.03 0.04 0.079 0.106 0.105 0.113 0.124 0.127 0.124 0.121 0.108 0.097 0.096 0.094 0.062 0.037 0.036 0.035 0.034 0.027 0.022 0.021 0.021 0.021 0.021 0.02 0.016 0.013 0.013 0.013 0.01 0.0077934326 0.0073824986 0.0071032341 0.0062079327 0.0055935010 0.0056276680 0.0056616929 0.0022768369 0 0 0 0 0 0 0 0 0 0 0 0 0
-9999.0 -9999.0 -9999.0 0 0 0 0 0 0 0 0 0 0 0 0 0 0 0 0 0 0 0 0 0 0 0 0 0 0 0 0 0 0 0 0 0 0 0 0 0 0 0 0.015 0.029 0.029 0.029 0.038 0.046 0.045 0.063 0.094 0.104 0.101 0.099 0.084 0.071 0.069 0.066 0.052 0.041 0.041 0.039 0.041 0.043 0.042 0.041 0.025 0.013 0.013 0.013 0.0054221596 0 0 0 0 0 0 0 0 0 0 0 0 0 0 0 0 0 0 0 0 0 0 0 0 0
-9999.0 -9999.0 -9999.0 0 0 0 0 0 0 0 0 0 0 0 0 0 0 0 0 0 0 0 0 0 0 0 0 0 0 0 0 0 0 0 0 0 0 0 0 0 0 0 0.015 0.029 0.028 0.028 0.037 0.044 0.043 0.042 0.074 0.1 0.097 0.095 0.08 0.067 0.066 0.064 0.051 0.039 0.039 0.038 0.039 0.041 0.041 0.04 0.024 0.013 0.012 0.012 0.0049982155 0 0 0 0 0 0 0 0 0 0 0 0 0 0 0 0 0 0 0 0 0 0 0 0 0
-9999.0 -9999.0 -9999.0 0 0 0 0 0 0 0 0 0 0 0 0 0 0 0 0 0 0 0 0 0 0 0 0 0 0 0 0 0 0 0 0 0 0 0 0 0 0 0 0.015 0.028 0.028 0.027 0.036 0.044 0.042 0.041 0.071 0.096 0.094 0.091 0.076 0.065 0.063 0.062 0.048 0.038 0.037 0.036 0.038 0.04 0.039 0.039 0.023 0.012 0.012 0.012 0.0048901201 0 0 0 0 0 0 0 0 0 0 0 0 0 0 0 0 0 0 0 0 0 0 0 0 0
-9999.0 -9999.0 -9999.0 0 0 0 0 0 0 0 0 0 0 0 0 0 0 0 0 0 0 0 0 0 0 0 0 0 0 0 0 0 0 0 0 0 0 0 0 0 0 0 0.015 0.028 0.027 0.027 0.035 0.042 0.041 0.04 0.069 0.092 0.09 0.087 0.073 0.062 0.061 0.059 0.046 0.036 0.036 0.035 0.037 0.039 0.038 0.038 0.022 0.012 0.012 0.011 0.0045822705 0 0 0 0 0 0 0 0 0 0 0 0 0 0 0 0 0 0 0 0 0 0 0 0 0
-9999.0 -9999.0 -9999.0 0 0 0 0 0 0 0 0 0 0 0 0 0 0 0 0 0 0 0 0 0 0 0 0 0 0 0 0 0 0 0 0 0 0 0 0 0 0 0 0.014 0.026 0.025 0.032 0.054 0.068 0.066 0.066 0.079 0.088 0.086 0.084 0.066 0.052 0.051 0.05 0.039 0.031 0.031 0.03 0.03 0.03 0.03 0.03 0.02 0.011 0.0090785287 0.0088763153 0.0050416514 0.0024875463 0.0024572925 0.0024271610 0.0009280759 0 0 0 0 0 0 0 0 0 0 0 0 0 0 0 0 0 0 0 0 0
-9999.0 -9999.0 -9999.0 0 0 0 0 0 0 0 0 0 0 0 0 0 0 0 0 0 0 0 0 0 0 0 0 0 0 0 0 0 0 0 0 0 0 0 0 0 0 0 0.013 0.024 0.023 0.036 0.072 0.091 0.089 0.088 0.087 0.085 0.083 0.081 0.059 0.043 0.042 0.041 0.032 0.026 0.026 0.025 0.022 0.021 0.02 0.02 0.015 0.0083093541 0.0060000001 0.0060000001 0.0058446052 0.0057506319 0.0057556741 0.0057606958 0.0021976999 0 0 0 0 0 0 0 0 0 0 0 0 0 0 0 0 0 0 0 0 0
-9999.0 -9999.0 -9999.0 0 0 0 0 0 0 0 0 0 0 0 0 0 0 0 0 0 0 0 0 0 0 0 0 0 0 0 0 0 0 0 0 0 0 0 0 0 0 0 0.013 0.023 0.022 0.037 0.074 0.091 0.089 0.086 0.085 0.083 0.08 0.078 0.057 0.042 0.041 0.04 0.032 0.025 0.025 0.024 0.022 0.02 0.019 0.019 0.011 0.0060000001 0.0060000001 0.0060000001 0.0053831581 0.0049999999 0.0049999999 0.0049999999 0.0018758955 0 0 0 0 0 0 0 0 0 0 0 0 0 0 0 0 0 0 0 0 0
-9999.0 -9999.0 -9999.0 0 0 0 0 0 0 0 0 0 0 0 0 0 0 0 0 0 0 0 0 0 0 0 0 0 0 0 0 0 0 0 0 0 0 0 0 0 0 0 0.013 0.022 0.021 0.037 0.072 0.089 0.087 0.085 0.083 0.081 0.079 0.076 0.055 0.04 0.039 0.039 0.031 0.024 0.024 0.024 0.022 0.019 0.019 0.019 0.011 0.0060000001 0.0060000001 0.0060000001 0.0053770714 0.0049999999 0.0049999999 0.0049999999 0.0018459534 0 0 0 0 0 0 0 0 0 0 0 0 0 0 0 0 0 0 0 0 0
-9999.0 -9999.0 -9999.0 0 0 0 0 0 0 0 0 0 0 0 0 0 0 0 0 0 0 0 0 0 0 0 0 0 0 0 0 0 0 0 0 0 0 0 0 0 0 0 0.013 0.022 0.021 0.038 0.072 0.087 0.085 0.083 0.081 0.079 0.077 0.074 0.053 0.04 0.039 0.038 0.03 0.024 0.024 0.023 0.021 0.019 0.019 0.019 0.011 0.0060000001 0.0060000001 0.0060000001 0.0053709862 0.0049999999 0.0049999999 0.0049999999 0.0018160144 0 0 0 0 0 0 0 0 0 0 0 0 0 0 0 0 0 0 0 0 0
-9999.0 -9999.0 0 0 0 0 0 0 0 0 0 0 0 0 0 0 0 0 0 0 0 0 0 0 0 0 0 0 0 0 0 0 0 0 0 0 0 0 0.0043982081 0.0076053417 0.0075484142 0.0074916896 0.026 0.039 0.037 0.041 0.066 0.08 0.078 0.075 0.064 0.056 0.054 0.052 0.043 0.029 0.024 0.023 0.021 0.015 0.013 0.013 0.012 0.012 0.012 0.012 0.0075567104 0.0032496322 0.0023776735 0.0024082824 0.0021806259 0.0020576112 0.0020828131 0.0032199703 0.0013764108 0 0 0 0 0 0 0 0 0 0 0 0 0 0 0 0 0 0 0 0 0
-9999.0 -9999.0 0 0 0 0 0 0 0 0 0 0 0 0 0 0 0 0 0 0 0 0 0 0 0 0 0 0 0 0 0 0 0 0 0 0 0 0 0.0058086147 0.0099999998 0.0099999998 0.013 0.033 0.044 0.043 0.041 0.062 0.076 0.074 0.071 0.055 0.045 0.043 0.041 0.032 0.02 0.016 0.015 0.013 0.0089538507 0.0069999998 0.0067036678 0.0074504535 0.0080000004 0.0080000004 0.0080000004 0.0043282202 0.0008112026 0 0 0 0 0 0.0011387625 0.0006235751 0 0 0 0 0 0 0 0 0 0 0 0 0 0 0 0 0 0 0 0 0
