test/data/MultiAscFiles/storm_20140819_1805.asc
ncols         460
nrows         490
xllcorner     457580.44
yllcorner     832998.69
cellsize      759.442170269541
nodata_value  -9999.0
[rows 0 to 38 of 490, columns 267 to 355 of 460]
-9999.0 -9999.0 -9999.0 -9999.0 -9999.0 -9999.0 -9999.0 -9999.0 -9999.0 -9999.0 -9999.0 -9999.0 -9999.0 -9999.0 -9999.0 -9999.0 -9999.0 -9999.0 -9999.0 -9999.0 -9999.0 -9999.0 -9999.0 -9999.0 -9999.0 -9999.0 -9999.0 -9999.0 -9999.0 -9999.0 -9999.0 -9999.0 -9999.0 -9999.0 -9999.0 -9999.0 -9999.0 -9999.0 -9999.0 -9999.0 -9999.0 -9999.0 -9999.0 -9999.0 -9999.0 -9999.0 -9999.0 -9999.0 -9999.0 -9999.0 -9999.0 -9999.0 -9999.0 -9999.0 -9999.0 -9999.0 -9999.0 -9999.0 -9999.0 -9999.0 -9999.0 -9999.0 -9999.0 -9999.0 -9999.0 -9999.0 -9999.0 -9999.0 -9999.0 -9999.0 -9999.0 -9999.0 -9999.0 -9999.0 -9999.0 -9999.0 -9999.0 -9999.0 -9999.0 -9999.0 -9999.0 -9999.0 -9999.0 -9999.0 -9999.0 -9999.0 -9999.0 -9999.0 -9999.0
0.018 0.019 0.019 0.016 0.016 0.016 0.016 0.021 0.022 0.022 0.023 0.02 0.02 0.02 0.021 0.027 0.029 0.029 0.029 0.023 0.023 0.024 0.024 0.015 0.016 0.016 0.016 0.021 0.021 0.021 0.021 0.028 0.028 0.028 0.028 0.027 0.027 0.028 0.028 0.028 0.028 0.028 0.028 0.022 0.022 0.022 0.022 0.021 0.021 0.021 0.022 0.027 0.027 0.027 0.027 0.024 0.025 0.025 0.028 0.042 0.042 0.042 0.039 0.025 0.025 0.025 0.024 0.021 0.021 0.022 0.022 0.022 0.022 0.022 0.022 0.023 0.023 0.023 0.024 0.027 0.027 0.027 0.027 0.028 0.028 0.028 0.028 0.028 0.029
0.018 0.018 0.018 0.016 0.016 0.016 0.016 0.021 0.022 0.022 0.022 0.02 0.02 0.02 0.02 0.027 0.028 0.029 0.029 0.023 0.023 0.024 0.024 0.015 0.015 0.016 0.016 0.021 0.021 0.021 0.021 0.028 0.028 0.028 0.028 0.027 0.027 0.028 0.028 0.028 0.028 0.028 0.028 0.022 0.022 0.022 0.022 0.021 0.021 0.021 0.022 0.027 0.027 0.027 0.027 0.025 0.025 0.025 0.028 0.042 0.042 0.042 0.039 0.025 0.025 0.025 0.024 0.021 0.021 0.022 0.022 0.022 0.022 0.022 0.022 0.023 0.023 0.023 0.024 0.027 0.027 0.026 0.027 0.028 0.028 0.028 0.028 0.028 0.029
0.018 0.018 0.018 0.016 0.016 0.016 0.016 0.02 0.022 0.022 0.022 0.02 0.02 0.02 0.02 0.027 0.028 0.029 0.029 0.023 0.023 0.024 0.024 0.015 0.015 0.016 0.016 0.021 0.021 0.021 0.021 0.028 0.028 0.028 0.028 0.027 0.027 0.028 0.028 0.028 0.028 0.028 0.028 0.022 0.022 0.022 0.022 0.021 0.021 0.021 0.022 0.027 0.027 0.027 0.027 0.025 0.025 0.025 0.028 0.042 0.042 0.042 0.039 0.025 0.025 0.025 0.024 0.021 0.021 0.022 0.022 0.022 0.022 0.022 0.022 0.023 0.023 0.023 0.024 0.027 0.027 0.026 0.027 0.028 0.028 0.028 0.028 0.028 0.028
0.018 0.018 0.018 0.016 0.016 0.016 0.016 0.02 0.022 0.022 0.022 0.02 0.02 0.02 0.02 0.027 0.028 0.029 0.029 0.023 0.023 0.024 0.024 0.015 0.015 0.015 0.016 0.021 0.021 0.021 0.021 0.027 0.028 0.028 0.028 0.027 0.027 0.027 0.028 0.028 0.028 0.028 0.028 0.022 0.022 0.022 0.022 0.021 0.021 0.021 0.022 0.027 0.027 0.027 0.027 0.025 0.025 0.025 0.028 0.042 0.042 0.042 0.039 0.025 0.025 0.025 0.024 0.02 0.021 0.022 0.022 0.022 0.022 0.022 0.022 0.023 0.023 0.023 0.024 0.027 0.027 0.027 0.027 0.028 0.028 0.028 0.028 0.028 0.028
0.018 0.018 0.018 0.016 0.016 0.016 0.016 0.02 0.021 0.022 0.022 0.02 0.02 0.02 0.02 0.026 0.027 0.027 0.028 0.023 0.023 0.023 0.024 0.016 0.015 0.015 0.016 0.021 0.021 0.021 0.021 0.027 0.028 0.028 0.028 0.027 0.027 0.027 0.027 0.028 0.028 0.028 0.027 0.022 0.022 0.022 0.022 0.021 0.021 0.021 0.022 0.027 0.027 0.027 0.026 0.025 0.025 0.025 0.027 0.041 0.041 0.041 0.038 0.025 0.025 0.025 0.024 0.021 0.021 0.022 0.022 0.023 0.023 0.023 0.023 0.024 0.024 0.023 0.024 0.027 0.027 0.027 0.027 0.028 0.028 0.028 0.028 0.028 0.029
0.018 0.018 0.018 0.017 0.017 0.017 0.017 0.016 0.017 0.017 0.017 0.016 0.016 0.016 0.016 0.018 0.018 0.018 0.018 0.021 0.021 0.022 0.022 0.021 0.02 0.02 0.021 0.022 0.022 0.022 0.022 0.028 0.029 0.029 0.029 0.021 0.021 0.021 0.021 0.022 0.022 0.022 0.022 0.022 0.022 0.022 0.022 0.026 0.026 0.027 0.027 0.022 0.022 0.022 0.022 0.021 0.021 0.021 0.023 0.03 0.03 0.03 0.03 0.028 0.029 0.029 0.028 0.025 0.026 0.026 0.027 0.03 0.03 0.03 0.032 0.038 0.038 0.038 0.036 0.029 0.029 0.029 0.03 0.032 0.032 0.032 0.033 0.033 0.033
0.018 0.018 0.018 0.017 0.017 0.017 0.017 0.016 0.017 0.017 0.017 0.016 0.016 0.016 0.016 0.017 0.017 0.017 0.017 0.021 0.021 0.022 0.022 0.021 0.021 0.021 0.021 0.021 0.022 0.022 0.022 0.028 0.028 0.029 0.029 0.02 0.02 0.02 0.02 0.021 0.021 0.021 0.021 0.022 0.022 0.022 0.022 0.027 0.028 0.028 0.027 0.021 0.021 0.021 0.021 0.021 0.021 0.021 0.022 0.029 0.029 0.029 0.029 0.028 0.028 0.028 0.028 0.025 0.025 0.025 0.027 0.03 0.03 0.031 0.033 0.039 0.04 0.04 0.037 0.03 0.03 0.029 0.03 0.032 0.032 0.032 0.033 0.033 0.033
0.017 0.017 0.017 0.016 0.016 0.017 0.017 0.016 0.016 0.017 0.017 0.016 0.016 0.016 0.016 0.017 0.017 0.017 0.017 0.021 0.021 0.021 0.022 0.021 0.021 0.021 0.021 0.021 0.021 0.022 0.022 0.028 0.028 0.028 0.029 0.02 0.02 0.02 0.02 0.021 0.021 0.021 0.021 0.022 0.022 0.022 0.023 0.027 0.028 0.028 0.027 0.021 0.021 0.021 0.021 0.021 0.021 0.021 0.022 0.029 0.029 0.029 0.029 0.028 0.028 0.028 0.028 0.025 0.025 0.025 0.026 0.03 0.03 0.03 0.032 0.039 0.04 0.04 0.037 0.03 0.03 0.029 0.03 0.032 0.032 0.033 0.033 0.033 0.033
0.017 0.017 0.017 0.016 0.016 0.017 0.017 0.016 0.016 0.017 0.017 0.016 0.016 0.016 0.016 0.017 0.017 0.017 0.017 0.021 0.021 0.021 0.022 0.021 0.021 0.021 0.021 0.021 0.021 0.022 0.022 0.028 0.028 0.028 0.029 0.02 0.02 0.02 0.02 0.021 0.021 0.021 0.021 0.022 0.022 0.022 0.023 0.027 0.028 0.028 0.027 0.021 0.021 0.021 0.021 0.021 0.021 0.021 0.022 0.029 0.029 0.029 0.029 0.028 0.028 0.028 0.028 0.025 0.025 0.025 0.026 0.03 0.03 0.03 0.032 0.039 0.04 0.04 0.037 0.03 0.03 0.029 0.03 0.033 0.033 0.034 0.033 0.033 0.033
0.016 0.016 0.016 0.017 0.017 0.017 0.017 0.015 0.015 0.016 0.016 0.018 0.019 0.019 0.019 0.02 0.02 0.02 0.02 0.02 0.021 0.021 0.021 0.022 0.022 0.023 0.023 0.021 0.021 0.021 0.021 0.028 0.028 0.028 0.029 0.02 0.02 0.02 0.021 0.021 0.021 0.021 0.021 0.022 0.022 0.022 0.023 0.028 0.029 0.029 0.028 0.021 0.021 0.021 0.021 0.021 0.021 0.021 0.022 0.027 0.027 0.027 0.027 0.029 0.029 0.029 0.029 0.026 0.026 0.026 0.028 0.032 0.032 0.032 0.035 0.042 0.043 0.043 0.04 0.03 0.03 0.03 0.032 0.036 0.036 0.036 0.034 0.033 0.033
0.015 0.015 0.015 0.018 0.018 0.018 0.019 0.013 0.012 0.012 0.012 0.024 0.027 0.027 0.027 0.028 0.028 0.028 0.028 0.02 0.019 0.019 0.02 0.03 0.03 0.03 0.03 0.022 0.022 0.023 0.023 0.029 0.029 0.029 0.03 0.021 0.022 0.022 0.022 0.021 0.021 0.021 0.021 0.021 0.021 0.021 0.022 0.032 0.032 0.032 0.031 0.02 0.02 0.02 0.02 0.02 0.02 0.02 0.02 0.021 0.021 0.021 0.023 0.031 0.031 0.031 0.032 0.031 0.031 0.031 0.033 0.04 0.04 0.04 0.043 0.053 0.053 0.053 0.048 0.031 0.031 0.031 0.035 0.043 0.043 0.042 0.038 0.033 0.033
0.015 0.015 0.015 0.018 0.018 0.018 0.019 0.013 0.012 0.012 0.012 0.025 0.027 0.027 0.027 0.027 0.028 0.028 0.028 0.02 0.019 0.019 0.019 0.029 0.03 0.03 0.03 0.022 0.022 0.022 0.022 0.029 0.029 0.029 0.029 0.021 0.021 0.022 0.022 0.021 0.021 0.021 0.021 0.021 0.021 0.021 0.022 0.032 0.032 0.032 0.031 0.02 0.02 0.02 0.02 0.02 0.02 0.02 0.02 0.021 0.021 0.021 0.023 0.031 0.03 0.03 0.031 0.03 0.03 0.031 0.033 0.039 0.04 0.04 0.043 0.052 0.053 0.053 0.047 0.03 0.031 0.031 0.035 0.043 0.043 0.042 0.038 0.033 0.033
0.015 0.015 0.015 0.018 0.018 0.018 0.019 0.012 0.012 0.012 0.012 0.025 0.026 0.027 0.027 0.027 0.027 0.028 0.028 0.02 0.019 0.019 0.019 0.029 0.029 0.029 0.03 0.022 0.022 0.022 0.022 0.028 0.029 0.029 0.029 0.021 0.021 0.022 0.022 0.021 0.021 0.021 0.021 0.021 0.021 0.021 0.022 0.032 0.032 0.032 0.031 0.02 0.02 0.02 0.02 0.02 0.02 0.02 0.02 0.021 0.021 0.021 0.023 0.03 0.03 0.03 0.031 0.03 0.03 0.03 0.033 0.039 0.039 0.04 0.043 0.052 0.052 0.053 0.047 0.03 0.03 0.031 0.035 0.043 0.043 0.042 0.038 0.033 0.033
0.015 0.015 0.015 0.018 0.018 0.018 0.018 0.012 0.012 0.012 0.012 0.025 0.026 0.027 0.027 0.027 0.027 0.027 0.028 0.02 0.019 0.019 0.019 0.029 0.029 0.029 0.029 0.022 0.022 0.022 0.022 0.028 0.028 0.029 0.029 0.021 0.021 0.021 0.022 0.021 0.021 0.021 0.021 0.021 0.021 0.021 0.022 0.032 0.032 0.032 0.031 0.02 0.02 0.02 0.02 0.02 0.02 0.02 0.02 0.021 0.021 0.021 0.023 0.03 0.03 0.031 0.031 0.03 0.03 0.03 0.032 0.039 0.039 0.04 0.043 0.052 0.052 0.052 0.046 0.03 0.03 0.032 0.035 0.043 0.043 0.042 0.038 0.033 0.033
0.014 0.015 0.015 0.017 0.018 0.018 0.018 0.015 0.015 0.015 0.015 0.02 0.02 0.021 0.021 0.022 0.022 0.022 0.023 0.018 0.018 0.018 0.018 0.024 0.024 0.024 0.024 0.025 0.025 0.025 0.025 0.026 0.026 0.027 0.027 0.021 0.021 0.021 0.022 0.021 0.021 0.021 0.021 0.021 0.021 0.021 0.022 0.031 0.031 0.031 0.03 0.022 0.023 0.023 0.023 0.027 0.027 0.027 0.027 0.028 0.028 0.028 0.029 0.031 0.031 0.032 0.032 0.031 0.031 0.031 0.033 0.04 0.04 0.04 0.043 0.049 0.049 0.049 0.047 0.041 0.043 0.044 0.046 0.049 0.049 0.047 0.044 0.038 0.037
0.014 0.015 0.015 0.017 0.017 0.017 0.018 0.018 0.018 0.018 0.019 0.014 0.013 0.013 0.013 0.015 0.016 0.016 0.016 0.017 0.017 0.017 0.017 0.017 0.017 0.017 0.017 0.03 0.03 0.03 0.03 0.024 0.024 0.024 0.025 0.021 0.021 0.022 0.022 0.021 0.021 0.022 0.022 0.021 0.021 0.021 0.023 0.029 0.029 0.029 0.029 0.026 0.026 0.027 0.028 0.037 0.037 0.037 0.037 0.039 0.039 0.039 0.037 0.033 0.032 0.033 0.033 0.032 0.032 0.033 0.035 0.041 0.041 0.042 0.042 0.044 0.044 0.044 0.047 0.057 0.06 0.06 0.06 0.057 0.056 0.054 0.051 0.044 0.044
0.014 0.015 0.015 0.017 0.017 0.017 0.017 0.017 0.018 0.018 0.018 0.013 0.013 0.013 0.013 0.015 0.015 0.015 0.015 0.017 0.017 0.017 0.017 0.017 0.017 0.017 0.017 0.03 0.03 0.03 0.03 0.024 0.024 0.024 0.024 0.021 0.021 0.021 0.022 0.021 0.021 0.021 0.022 0.021 0.021 0.021 0.023 0.029 0.029 0.029 0.029 0.026 0.026 0.026 0.028 0.036 0.036 0.037 0.037 0.039 0.039 0.038 0.037 0.033 0.032 0.033 0.033 0.032 0.032 0.033 0.035 0.041 0.041 0.042 0.042 0.043 0.044 0.044 0.047 0.057 0.06 0.06 0.059 0.056 0.055 0.054 0.051 0.044 0.044
0.014 0.015 0.015 0.017 0.017 0.017 0.017 0.017 0.017 0.018 0.018 0.013 0.013 0.013 0.013 0.015 0.015 0.015 0.015 0.016 0.017 0.017 0.017 0.017 0.017 0.017 0.017 0.03 0.03 0.03 0.03 0.024 0.024 0.024 0.024 0.021 0.021 0.021 0.022 0.021 0.021 0.021 0.022 0.021 0.021 0.021 0.022 0.029 0.029 0.029 0.029 0.026 0.026 0.026 0.027 0.036 0.036 0.036 0.037 0.039 0.038 0.038 0.037 0.032 0.033 0.033 0.033 0.032 0.032 0.033 0.035 0.041 0.041 0.041 0.042 0.043 0.043 0.043 0.048 0.059 0.059 0.06 0.059 0.056 0.055 0.054 0.051 0.044 0.043
0.014 0.014 0.015 0.017 0.017 0.017 0.017 0.017 0.017 0.017 0.018 0.013 0.012 0.013 0.013 0.015 0.015 0.015 0.015 0.016 0.016 0.016 0.017 0.017 0.017 0.017 0.017 0.03 0.03 0.03 0.03 0.024 0.024 0.024 0.024 0.021 0.021 0.021 0.022 0.021 0.021 0.021 0.022 0.021 0.021 0.021 0.022 0.029 0.029 0.029 0.029 0.025 0.026 0.026 0.027 0.036 0.036 0.036 0.036 0.038 0.038 0.038 0.037 0.032 0.033 0.033 0.033 0.032 0.032 0.032 0.034 0.041 0.041 0.041 0.042 0.043 0.043 0.044 0.049 0.058 0.059 0.059 0.059 0.056 0.055 0.053 0.05 0.043 0.043
0.0054125781 0.0054273461 0.0057727955 0.0065137031 0.0066420417 0.0066585718 0.0066747512 0.0066905795 0.0067060580 0.0067211855 0.0070908521 0.0050004064 0.0047749160 0.0051483265 0.0051935487 0.014 0.014 0.014 0.014 0.019 0.02 0.02 0.021 0.017 0.018 0.018 0.018 0.025 0.025 0.025 0.025 0.02 0.02 0.02 0.02 0.019 0.019 0.019 0.02 0.021 0.021 0.021 0.022 0.02 0.02 0.02 0.02 0.025 0.025 0.025 0.026 0.031 0.032 0.032 0.033 0.038 0.038 0.038 0.038 0.034 0.034 0.034 0.033 0.031 0.032 0.032 0.032 0.034 0.034 0.034 0.036 0.041 0.041 0.042 0.044 0.05 0.051 0.053 0.054 0.055 0.056 0.056 0.055 0.05 0.049 0.048 0.045 0.039 0.039
0 0 0 0 0 0 0 0 0 0 0 0 0 0 0 0.013 0.014 0.014 0.014 0.022 0.023 0.023 0.023 0.017 0.018 0.018 0.018 0.022 0.022 0.022 0.022 0.017 0.017 0.017 0.017 0.017 0.017 0.017 0.018 0.021 0.021 0.021 0.021 0.019 0.019 0.019 0.019 0.022 0.022 0.022 0.024 0.036 0.036 0.036 0.036 0.039 0.039 0.04 0.039 0.031 0.031 0.031 0.031 0.03 0.031 0.031 0.032 0.036 0.036 0.036 0.037 0.041 0.041 0.042 0.045 0.055 0.057 0.059 0.057 0.053 0.053 0.054 0.051 0.046 0.045 0.044 0.041 0.036 0.036
0 0 0 0 0 0 0 0 0 0 0 0 0 0 0 0.013 0.014 0.014 0.014 0.022 0.023 0.023 0.023 0.017 0.017 0.018 0.018 0.022 0.022 0.022 0.022 0.017 0.017 0.017 0.017 0.017 0.017 0.017 0.017 0.021 0.021 0.021 0.021 0.019 0.019 0.019 0.019 0.022 0.022 0.022 0.024 0.036 0.036 0.036 0.036 0.039 0.039 0.04 0.039 0.031 0.031 0.031 0.031 0.03 0.031 0.031 0.032 0.036 0.036 0.036 0.037 0.041 0.041 0.042 0.045 0.056 0.059 0.059 0.057 0.053 0.053 0.053 0.051 0.045 0.044 0.043 0.041 0.036 0.035
0 0 0 0 0 0 0 0 0 0 0 0 0 0 0 0.013 0.014 0.014 0.014 0.022 0.022 0.022 0.023 0.017 0.017 0.018 0.018 0.022 0.022 0.022 0.022 0.017 0.017 0.017 0.017 0.017 0.017 0.017 0.017 0.021 0.021 0.021 0.021 0.019 0.019 0.019 0.019 0.022 0.022 0.022 0.024 0.036 0.036 0.036 0.036 0.039 0.039 0.04 0.039 0.031 0.031 0.031 0.031 0.031 0.031 0.031 0.032 0.036 0.036 0.036 0.037 0.041 0.042 0.042 0.045 0.056 0.059 0.059 0.057 0.052 0.052 0.053 0.051 0.045 0.044 0.043 0.041 0.036 0.035
0 0 0 0 0 0 0 0 0 0 0 0 0 0 0 0.013 0.014 0.014 0.014 0.022 0.022 0.022 0.022 0.017 0.017 0.017 0.018 0.021 0.022 0.022 0.022 0.017 0.017 0.017 0.017 0.017 0.017 0.017 0.017 0.021 0.021 0.021 0.021 0.019 0.019 0.019 0.019 0.022 0.022 0.022 0.024 0.036 0.036 0.036 0.037 0.039 0.039 0.04 0.039 0.031 0.031 0.031 0.03 0.031 0.031 0.031 0.033 0.036 0.036 0.036 0.037 0.042 0.042 0.042 0.046 0.058 0.058 0.058 0.056 0.052 0.052 0.052 0.05 0.044 0.043 0.042 0.04 0.035 0.035
0 0 0 0 0 0 0 0 0 0 0 0.0098560145 0.011 0.011 0.012 0.019 0.019 0.02 0.02 0.021 0.021 0.021 0.021 0.021 0.021 0.022 0.022 0.027 0.027 0.028 0.028 0.016 0.016 0.016 0.016 0.014 0.014 0.014 0.014 0.018 0.018 0.018 0.018 0.017 0.017 0.017 0.018 0.025 0.025 0.025 0.027 0.038 0.038 0.038 0.039 0.038 0.038 0.038 0.038 0.033 0.033 0.033 0.033 0.034 0.035 0.035 0.036 0.039 0.039 0.039 0.04 0.043 0.043 0.043 0.05 0.063 0.063 0.063 0.059 0.05 0.05 0.05 0.054 0.062 0.062 0.06 0.06 0.061 0.061
0 0 0 0 0 0 0 0 0 0 0 0.012 0.014 0.014 0.015 0.021 0.021 0.022 0.022 0.021 0.021 0.021 0.021 0.022 0.022 0.023 0.023 0.029 0.029 0.03 0.03 0.016 0.016 0.016 0.016 0.013 0.013 0.013 0.013 0.017 0.017 0.017 0.017 0.017 0.017 0.017 0.018 0.026 0.026 0.026 0.028 0.039 0.039 0.04 0.04 0.038 0.038 0.038 0.037 0.034 0.034 0.034 0.034 0.036 0.036 0.036 0.037 0.04 0.04 0.04 0.041 0.043 0.043 0.044 0.05 0.064 0.064 0.064 0.06 0.049 0.049 0.049 0.055 0.067 0.066 0.065 0.066 0.069 0.068
0 0 0 0 0 0 0 0 0 0 0 0.012 0.014 0.014 0.015 0.021 0.021 0.022 0.022 0.021 0.021 0.021 0.021 0.022 0.022 0.023 0.023 0.029 0.029 0.03 0.03 0.016 0.016 0.016 0.016 0.013 0.013 0.013 0.013 0.017 0.017 0.017 0.017 0.017 0.017 0.017 0.018 0.026 0.026 0.026 0.028 0.039 0.04 0.04 0.04 0.038 0.038 0.038 0.038 0.035 0.034 0.034 0.035 0.036 0.036 0.036 0.037 0.04 0.04 0.04 0.041 0.043 0.043 0.045 0.05 0.064 0.064 0.064 0.06 0.049 0.049 0.049 0.054 0.066 0.065 0.064 0.066 0.068 0.068
0 0 0 0 0 0 0 0 0 0 0 0.012 0.014 0.014 0.015 0.021 0.021 0.022 0.022 0.021 0.021 0.021 0.021 0.022 0.022 0.023 0.023 0.029 0.029 0.03 0.03 0.016 0.016 0.016 0.016 0.013 0.013 0.013 0.013 0.017 0.017 0.017 0.017 0.017 0.017 0.017 0.018 0.026 0.026 0.027 0.028 0.039 0.04 0.04 0.04 0.038 0.038 0.038 0.038 0.035 0.034 0.034 0.035 0.036 0.036 0.036 0.037 0.04 0.04 0.04 0.04 0.042 0.043 0.045 0.05 0.064 0.064 0.063 0.059 0.049 0.049 0.049 0.054 0.065 0.063 0.064 0.065 0.068 0.068
0 0 0 0 0 0 0 0 0 0 0 0.01 0.012 0.012 0.012 0.02 0.021 0.022 0.022 0.021 0.021 0.021 0.021 0.022 0.022 0.022 0.023 0.028 0.028 0.029 0.029 0.016 0.016 0.016 0.016 0.013 0.013 0.013 0.014 0.018 0.018 0.018 0.018 0.018 0.018 0.018 0.019 0.027 0.028 0.028 0.03 0.04 0.04 0.04 0.04 0.037 0.037 0.038 0.038 0.035 0.034 0.034 0.035 0.036 0.036 0.036 0.036 0.039 0.039 0.039 0.04 0.043 0.045 0.045 0.049 0.061 0.061 0.061 0.058 0.048 0.047 0.047 0.052 0.065 0.063 0.063 0.064 0.066 0.067
0 0 0 0 0 0 0 0 0 0 0 0.0005831847 0.0006965951 0.0007120660 0.0007230716 0.017 0.018 0.018 0.019 0.018 0.018 0.018 0.018 0.019 0.019 0.019 0.019 0.022 0.022 0.022 0.023 0.015 0.015 0.015 0.015 0.016 0.016 0.017 0.017 0.023 0.023 0.023 0.023 0.025 0.026 0.026 0.027 0.037 0.037 0.037 0.039 0.042 0.042 0.042 0.04 0.031 0.031 0.032 0.031 0.031 0.031 0.031 0.032 0.033 0.032 0.032 0.033 0.035 0.035 0.035 0.038 0.048 0.048 0.048 0.048 0.049 0.048 0.048 0.045 0.038 0.038 0.038 0.047 0.068 0.066 0.066 0.063 0.056 0.056
0 0 0 0 0 0 0 0 0 0 0 0 0 0 0 0.017 0.018 0.019 0.019 0.018 0.018 0.018 0.018 0.019 0.019 0.019 0.019 0.022 0.022 0.022 0.023 0.015 0.015 0.015 0.015 0.016 0.016 0.017 0.017 0.023 0.023 0.023 0.023 0.026 0.026 0.027 0.028 0.038 0.038 0.038 0.039 0.042 0.042 0.042 0.04 0.031 0.031 0.031 0.031 0.031 0.031 0.031 0.032 0.032 0.032 0.032 0.033 0.035 0.035 0.035 0.039 0.047 0.047 0.047 0.048 0.047 0.047 0.047 0.044 0.037 0.037 0.037 0.046 0.068 0.066 0.066 0.063 0.055 0.055
0 0 0 0 0 0 0 0 0 0 0 0 0 0 0 0.017 0.018 0.019 0.019 0.018 0.018 0.018 0.018 0.018 0.019 0.019 0.019 0.022 0.022 0.022 0.023 0.015 0.015 0.015 0.015 0.016 0.016 0.017 0.017 0.023 0.023 0.023 0.023 0.026 0.026 0.027 0.028 0.038 0.038 0.038 0.039 0.042 0.042 0.042 0.04 0.031 0.031 0.031 0.031 0.031 0.031 0.032 0.032 0.032 0.032 0.032 0.033 0.035 0.035 0.036 0.039 0.047 0.047 0.047 0.047 0.047 0.047 0.047 0.044 0.037 0.037 0.037 0.046 0.068 0.066 0.066 0.062 0.054 0.054
0 0 0 0 0 0 0 0 0 0 0 0 0 0 0 0.017 0.018 0.019 0.019 0.018 0.018 0.018 0.018 0.018 0.019 0.019 0.019 0.022 0.022 0.022 0.022 0.015 0.015 0.015 0.015 0.016 0.016 0.017 0.017 0.023 0.023 0.023 0.023 0.026 0.026 0.027 0.028 0.038 0.038 0.038 0.039 0.042 0.042 0.042 0.04 0.031 0.031 0.031 0.031 0.031 0.031 0.032 0.032 0.033 0.032 0.032 0.033 0.035 0.035 0.037 0.039 0.047 0.047 0.047 0.047 0.047 0.047 0.047 0.044 0.037 0.037 0.037 0.046 0.068 0.065 0.066 0.062 0.054 0.054
0.0039049734 0.0038912757 0.0038778458 0.0004873417 0 0 0 0 0 0 0 0 0 0 0 0.016 0.018 0.018 0.018 0.017 0.017 0.017 0.017 0.013 0.014 0.014 0.014 0.016 0.016 0.016 0.016 0.01 0.011 0.011 0.011 0.016 0.016 0.017 0.017 0.022 0.022 0.022 0.022 0.023 0.023 0.023 0.024 0.028 0.028 0.028 0.03 0.038 0.038 0.038 0.037 0.031 0.032 0.032 0.032 0.031 0.031 0.032 0.033 0.034 0.032 0.032 0.032 0.034 0.035 0.036 0.039 0.048 0.048 0.048 0.048 0.048 0.048 0.048 0.045 0.036 0.036 0.036 0.044 0.064 0.061 0.061 0.058 0.053 0.053
0.013 0.013 0.013 0.0016236663 0 0 0 0 0 0 0 0 0 0 0 0.013 0.015 0.015 0.015 0.014 0.014 0.014 0.014 0.0003064842 0 0 0 0 0 0 0 0 0 0 0.0005904881 0.017 0.017 0.017 0.017 0.018 0.018 0.018 0.018 0.014 0.014 0.014 0.013 0 0 0 0.0032790513 0.028 0.028 0.028 0.029 0.032 0.033 0.033 0.033 0.032 0.032 0.033 0.034 0.034 0.034 0.032 0.032 0.034 0.035 0.035 0.038 0.049 0.049 0.049 0.049 0.05 0.05 0.05 0.045 0.033 0.032 0.032 0.038 0.053 0.051 0.051 0.05 0.049 0.049
0.013 0.013 0.013 0.0016080169 0 0 0 0 0 0 0 0 0 0 0 0.014 0.015 0.015 0.015 0.014 0.014 0.014 0.014 0.0002965793 0 0 0 0 0 0 0 0 0 0 0.0005978814 0.017 0.017 0.017 0.017 0.018 0.018 0.018 0.018 0.014 0.014 0.014 0.013 0 0 0 0.0032801263 0.028 0.028 0.028 0.029 0.032 0.032 0.033 0.033 0.032 0.033 0.034 0.034 0.034 0.034 0.034 0.033 0.035 0.035 0.034 0.037 0.048 0.048 0.048 0.048 0.049 0.049 0.049 0.045 0.032 0.032 0.032 0.038 0.052 0.05 0.05 0.05 0.049 0.049
0.013 0.013 0.014 0.0016905634 0 0 0 0 0 0 0 0 0 0 0 0.014 0.015 0.015 0.014 0.014 0.014 0.014 0.014 0.0002866754 0 0 0 0 0 0 0 0 0 0 0.0006052739 0.017 0.017 0.017 0.017 0.018 0.018 0.018 0.018 0.014 0.014 0.014 0.013 0 0 0 0.0031901160 0.027 0.028 0.028 0.029 0.032 0.032 0.033 0.033 0.032 0.034 0.034 0.034 0.034 0.034 0.034 0.034 0.035 0.034 0.034 0.037 0.048 0.048 0.048 0.047 0.048 0.048 0.048 0.044 0.032 0.032 0.031 0.037 0.052 0.05 0.05 0.049 0.048 0.048
0.013 0.014 0.014 0.0016980096 0 0 0 0 0 0 0 0 0 0 0 0.014 0.015 0.014 0.014 0.014 0.014 0.014 0.014 0.0002767725 0 0 0 0 0 0 0 0 0 0 0.0006126658 0.017 0.017 0.017 0.017 0.018 0.018 0.018 0.018 0.014 0.014 0.014 0.013 0 0 0 0.0032368011 0.028 0.027 0.028 0.029 0.032 0.032 0.033 0.033 0.033 0.034 0.034 0.034 0.034 0.034 0.034 0.034 0.034 0.034 0.034 0.036 0.047 0.047 0.047 0.047 0.047 0.047 0.047 0.043 0.031 0.031 0.031 0.037 0.051 0.049 0.05 0.049 0.048 0.048
