test/data/MultiAscFiles/storm_20140819_1805.asc
ncols         460
nrows         490
xllcorner     457580.44
yllcorner     832998.69
cellsize      759.442170269541
nodata_value  -9999.0
[rows 156 to 194 of 490, columns 267 to 355 of 460]
0 0 0 0 0 0 0 0 0 0 0 0 0 0 0 0 0 0 0 0 0 0 0 0 0 0 0 0 0 0 0 0 0 0 0 0 0 0 0 0 0 0 0 0 0 0 0.017 0.152 0.185 0.219 0.25 0.26 0.279 0.298 0.31 0.279 0.285 0.291 0.291 0.271 0.266 0.26 0.229 0.098 0.094 0.088 0.085 0.09 0.086 0.082 0.083 0.094 0.093 0.093 0.097 0.12 0.121 0.122 0.128 0.152 0.151 0.151 0.141 0.098 0.097 0.095 0.103 0.141 0.14
0 0 0 0 0 0 0 0 0 0 0 0 0 0 0 0 0 0 0 0 0 0 0 0 0 0 0 0 0 0 0 0 0 0 0 0 0 0 0 0 0 0 0 0 0 0 0.019 0.172 0.207 0.242 0.274 0.287 0.308 0.329 0.342 0.304 0.309 0.313 0.31 0.288 0.283 0.274 0.24 0.102 0.097 0.092 0.089 0.095 0.09 0.086 0.087 0.099 0.098 0.097 0.101 0.124 0.126 0.127 0.134 0.158 0.158 0.157 0.145 0.101 0.099 0.097 0.104 0.143 0.142
0 0 0 0 0 0 0 0 0 0 0 0 0 0 0 0 0 0 0 0 0 0 0 0 0 0 0 0 0 0 0 0 0 0 0 0 0 0 0 0 0 0.0032483106 0.033 0.045 0.072 0.099 0.13 0.192 0.228 0.265 0.299 0.327 0.355 0.378 0.39 0.327 0.33 0.331 0.327 0.303 0.295 0.285 0.26 0.18 0.165 0.157 0.155 0.156 0.152 0.146 0.138 0.103 0.101 0.101 0.105 0.129 0.131 0.133 0.139 0.164 0.163 0.161 0.149 0.104 0.101 0.099 0.106 0.145 0.144
0 0 0 0 0 0 0 0 0 0 0 0 0 0 0 0 0 0 0 0 0 0 0 0 0 0 0 0 0 0 0 0 0 0 0 0 0 0 0 0 0 0.0049583572 0.051 0.077 0.113 0.147 0.182 0.213 0.25 0.287 0.326 0.38 0.407 0.431 0.45 0.433 0.434 0.433 0.419 0.354 0.344 0.331 0.308 0.255 0.241 0.23 0.22 0.199 0.194 0.188 0.183 0.165 0.163 0.162 0.162 0.165 0.167 0.169 0.169 0.163 0.161 0.159 0.151 0.12 0.117 0.115 0.114 0.125 0.124
0 0 0 0 0 0 0 0 0 0 0 0 0 0 0 0 0 0 0 0 0 0 0 0 0 0 0 0 0 0 0 0 0 0 0 0 0 0 0 0 0 0.0060445145 0.062 0.098 0.134 0.169 0.203 0.23 0.265 0.302 0.342 0.409 0.435 0.46 0.482 0.496 0.496 0.494 0.475 0.384 0.373 0.358 0.336 0.288 0.276 0.264 0.25 0.217 0.211 0.206 0.204 0.204 0.202 0.201 0.198 0.19 0.191 0.193 0.189 0.163 0.162 0.16 0.153 0.131 0.129 0.126 0.121 0.115 0.115
0 0 0 0 0 0 0 0 0 0 0 0 0 0 0 0 0 0 0 0 0 0 0 0 0 0 0 0 0 0 0 0 0 0 0 0 0 0 0 0 0 0.0070667891 0.072 0.112 0.148 0.183 0.217 0.241 0.274 0.309 0.347 0.415 0.441 0.466 0.488 0.501 0.501 0.498 0.479 0.387 0.376 0.361 0.338 0.29 0.278 0.266 0.252 0.22 0.214 0.21 0.209 0.211 0.208 0.207 0.204 0.195 0.197 0.198 0.194 0.167 0.166 0.164 0.157 0.135 0.133 0.13 0.125 0.12 0.119
0 0 0 0 0 0 0 0 0 0 0 0 0 0 0 0 0 0 0 0 0 0 0 0 0 0 0 0 0 0 0 0 0 0 0 0 0 0 0 0 0 0.0080515435 0.082 0.125 0.161 0.197 0.231 0.251 0.283 0.315 0.351 0.42 0.446 0.47 0.492 0.503 0.503 0.501 0.482 0.389 0.378 0.362 0.34 0.29 0.278 0.268 0.254 0.223 0.218 0.214 0.213 0.216 0.215 0.214 0.211 0.201 0.203 0.204 0.199 0.171 0.169 0.167 0.161 0.139 0.137 0.134 0.13 0.124 0.123
0 0 0 0 0 0 0 0 0 0 0 0 0 0 0 0 0 0 0 0 0 0 0 0 0 0 0 0 0 0 0 0 0 0 0 0 0 0 0 0 0 0.0091146016 0.092 0.137 0.173 0.21 0.244 0.261 0.289 0.317 0.349 0.416 0.442 0.467 0.489 0.5 0.502 0.5 0.482 0.389 0.378 0.361 0.338 0.287 0.277 0.267 0.254 0.223 0.22 0.218 0.217 0.221 0.22 0.219 0.217 0.208 0.209 0.21 0.205 0.175 0.173 0.171 0.164 0.143 0.141 0.138 0.134 0.127 0.127
0 0 0 0 0 0 0 0 0 0 0 0 0 0 0 0 0 0 0 0 0 0 0 0 0 0 0 0 0 0 0 0 0 0 0 0 0 0 0 0 0 0.0054298276 0.055 0.081 0.102 0.128 0.188 0.251 0.277 0.302 0.328 0.366 0.389 0.412 0.431 0.441 0.445 0.445 0.42 0.279 0.271 0.259 0.242 0.198 0.191 0.184 0.179 0.172 0.17 0.169 0.174 0.201 0.201 0.201 0.202 0.203 0.204 0.205 0.196 0.15 0.149 0.146 0.135 0.09 0.089 0.088 0.091 0.11 0.11
0 0 0 0 0 0 0 0 0 0 0 0 0 0 0 0 0 0 0 0 0 0 0 0 0 0 0 0 0 0 0 0 0 0 0 0 0 0 0 0 0 0.0044317711 0.044 0.063 0.079 0.097 0.138 0.234 0.259 0.283 0.307 0.336 0.359 0.38 0.397 0.408 0.414 0.416 0.392 0.243 0.236 0.227 0.213 0.172 0.166 0.161 0.158 0.159 0.157 0.157 0.163 0.197 0.198 0.199 0.201 0.204 0.205 0.207 0.197 0.147 0.145 0.143 0.131 0.079 0.079 0.078 0.084 0.11 0.11
0 0 0 0 0 0 0 0 0 0 0 0 0 0 0 0 0 0 0 0 0 0 0 0 0 0 0 0 0 0 0 0 0 0 0 0 0 0 0 0 0 0.0043553547 0.043 0.059 0.072 0.085 0.11 0.213 0.238 0.262 0.285 0.313 0.335 0.356 0.373 0.384 0.392 0.396 0.374 0.234 0.227 0.219 0.205 0.167 0.162 0.158 0.156 0.157 0.157 0.157 0.164 0.198 0.2 0.202 0.205 0.208 0.21 0.212 0.202 0.151 0.149 0.147 0.134 0.082 0.082 0.082 0.087 0.115 0.114
0 0 0 0 0 0 0 0 0 0 0 0 0 0 0 0 0 0 0 0 0 0 0 0 0 0 0 0 0 0 0 0 0 0 0 0 0 0 0 0 0 0.0042465767 0.042 0.055 0.066 0.076 0.098 0.192 0.216 0.24 0.263 0.289 0.311 0.331 0.347 0.36 0.369 0.375 0.356 0.224 0.219 0.211 0.199 0.163 0.158 0.156 0.154 0.156 0.156 0.156 0.164 0.199 0.202 0.204 0.208 0.212 0.214 0.216 0.207 0.156 0.155 0.149 0.137 0.084 0.085 0.085 0.091 0.119 0.117
0 0 0 0 0 0 0 0 0 0 0 0 0 0 0 0 0 0 0 0 0 0 0 0 0 0 0 0 0 0 0 0 0 0 0 0 0 0 0 0 0 0.0035412565 0.035 0.044 0.052 0.06 0.078 0.169 0.193 0.218 0.24 0.254 0.274 0.293 0.308 0.318 0.327 0.334 0.32 0.208 0.204 0.198 0.189 0.158 0.155 0.153 0.151 0.153 0.154 0.155 0.163 0.195 0.198 0.201 0.205 0.21 0.213 0.216 0.208 0.162 0.163 0.151 0.142 0.091 0.092 0.092 0.098 0.129 0.127
0 0 0 0 0 0 0 0 0 0 0 0 0 0 0 0 0 0 0 0 0 0 0 0 0 0 0 0 0 0 0 0 0 0 0 0 0 0 0 0 0 0.0001100578 0.0010815457 0.0013817893 0.0016361290 0.0018920577 0.018 0.14 0.167 0.194 0.216 0.161 0.176 0.19 0.197 0.184 0.19 0.194 0.191 0.161 0.158 0.154 0.151 0.151 0.148 0.146 0.145 0.144 0.145 0.147 0.15 0.161 0.164 0.168 0.173 0.184 0.187 0.189 0.186 0.163 0.16 0.157 0.15 0.117 0.118 0.118 0.124 0.171 0.167
0 0 0 0 0 0 0 0 0 0 0 0 0 0 0 0 0 0 0 0 0 0 0 0 0 0 0 0 0 0 0 0 0 0 0 0 0 0 0 0 0 0 0 0 0 0 0.014 0.128 0.153 0.178 0.194 0.149 0.166 0.182 0.192 0.18 0.186 0.19 0.188 0.16 0.156 0.152 0.149 0.151 0.149 0.147 0.147 0.147 0.147 0.149 0.152 0.164 0.168 0.171 0.176 0.188 0.191 0.194 0.191 0.167 0.166 0.165 0.158 0.123 0.123 0.122 0.126 0.173 0.167
0 0 0 0 0 0 0 0 0 0 0 0 0 0 0 0 0 0 0 0 0 0 0 0 0 0 0 0 0 0 0 0 0 0 0 0 0 0 0 0 0 0 0 0 0 0 0.013 0.115 0.139 0.162 0.177 0.14 0.159 0.176 0.188 0.179 0.187 0.191 0.189 0.16 0.156 0.152 0.149 0.152 0.15 0.149 0.149 0.148 0.15 0.152 0.156 0.168 0.171 0.176 0.181 0.193 0.196 0.199 0.196 0.172 0.172 0.172 0.165 0.128 0.127 0.124 0.126 0.171 0.164
0 0 0 0 0 0 0 0 0 0 0 0 0 0 0 0 0 0 0 0 0 0 0 0 0 0 0 0 0 0 0 0 0 0 0 0 0 0 0 0 0 0 0 0 0 0 0.012 0.103 0.125 0.147 0.161 0.13 0.151 0.171 0.185 0.178 0.186 0.19 0.179 0.152 0.147 0.142 0.133 0.152 0.151 0.15 0.142 0.151 0.152 0.155 0.158 0.164 0.168 0.171 0.17 0.191 0.196 0.2 0.202 0.174 0.178 0.178 0.164 0.128 0.125 0.121 0.122 0.165 0.159
0 0 0 0 0 0 0 0 0 0 0 0 0 0 0 0 0 0 0 0 0 0 0 0 0 0 0 0 0 0 0 0 0 0 0 0 0 0 0 0 0 0 0 0 0 0 0.011 0.096 0.116 0.136 0.148 0.114 0.134 0.154 0.175 0.17 0.177 0.181 0.164 0.126 0.122 0.117 0.104 0.12 0.12 0.118 0.106 0.121 0.123 0.124 0.129 0.145 0.148 0.149 0.144 0.16 0.165 0.169 0.178 0.184 0.189 0.188 0.172 0.137 0.133 0.126 0.125 0.154 0.15
0 0 0 0 0 0 0 0 0 0 0 0 0 0 0 0 0 0 0 0 0 0 0 0 0 0 0 0 0 0 0 0 0 0 0 0 0 0 0 0 0 0 0 0 0 0 0.011 0.098 0.116 0.134 0.143 0.09 0.108 0.127 0.159 0.153 0.159 0.165 0.156 0.09 0.088 0.086 0.08 0.048 0.048 0.048 0.049 0.052 0.053 0.054 0.064 0.115 0.117 0.119 0.118 0.102 0.104 0.105 0.123 0.204 0.205 0.205 0.197 0.159 0.154 0.147 0.141 0.145 0.139
0 0 0 0 0 0 0 0 0 0 0 0 0 0 0 0 0 0 0 0 0 0 0 0 0 0 0 0 0 0 0 0 0 0 0 0 0 0 0 0 0 0 0 0 0 0 0.012 0.109 0.127 0.146 0.153 0.096 0.114 0.131 0.156 0.156 0.162 0.166 0.157 0.091 0.09 0.088 0.082 0.049 0.049 0.049 0.05 0.054 0.054 0.055 0.065 0.116 0.118 0.12 0.12 0.103 0.105 0.106 0.125 0.206 0.207 0.207 0.197 0.157 0.15 0.142 0.136 0.14 0.137
0 0 0 0 0 0 0 0 0 0 0 0 0 0 0 0 0 0 0 0 0 0 0 0 0 0 0 0 0 0 0 0 0 0 0 0 0 0 0 0 0 0 0 0 0 0 0.013 0.117 0.135 0.154 0.161 0.101 0.118 0.135 0.159 0.158 0.163 0.168 0.158 0.092 0.091 0.089 0.083 0.05 0.05 0.05 0.051 0.055 0.056 0.056 0.066 0.118 0.12 0.122 0.121 0.104 0.106 0.107 0.125 0.207 0.207 0.206 0.194 0.153 0.145 0.137 0.133 0.138 0.136
0 0 0 0 0 0 0 0 0 0 0 0 0 0 0 0 0 0 0 0 0 0 0 0 0 0 0 0 0 0 0 0 0 0 0 0 0 0 0 0 0 0 0 0 0 0 0.014 0.123 0.142 0.161 0.178 0.149 0.178 0.196 0.189 0.16 0.164 0.169 0.159 0.093 0.092 0.091 0.085 0.051 0.051 0.051 0.052 0.056 0.057 0.057 0.067 0.119 0.121 0.123 0.12 0.104 0.106 0.107 0.123 0.207 0.206 0.203 0.19 0.149 0.14 0.133 0.131 0.137 0.136
0.0002113875 0.0051390976 0.0055722161 0.0045872470 0.0046027033 0.0050775283 0.0048096906 0 0 0 0 0 0 0 0 0 0 0 0 0 0 0 0 0 0 0 0 0 0 0 0 0 0 0 0 0 0 0 0 0 0 0 0 0 0 0 0.013 0.115 0.132 0.15 0.168 0.167 0.192 0.209 0.201 0.178 0.182 0.186 0.177 0.113 0.112 0.112 0.104 0.062 0.063 0.063 0.062 0.058 0.058 0.059 0.069 0.121 0.123 0.125 0.125 0.122 0.125 0.126 0.134 0.187 0.185 0.182 0.178 0.181 0.171 0.164 0.159 0.15 0.149
0.0037678371 0.01 0.012 0.0093445219 0.0093756430 0.01 0.0098027419 0 0 0 0 0 0 0 0 0 0 0 0 0 0 0 0 0 0 0 0 0 0 0 0 0 0 0 0 0 0 0 0 0 0 0 0 0 0 0 0.012 0.105 0.121 0.136 0.151 0.16 0.174 0.188 0.197 0.197 0.2 0.203 0.195 0.134 0.134 0.134 0.124 0.074 0.075 0.076 0.073 0.059 0.06 0.06 0.071 0.123 0.125 0.127 0.13 0.142 0.144 0.145 0.147 0.166 0.164 0.16 0.165 0.213 0.204 0.197 0.187 0.164 0.163
0.01 0.011 0.013 0.0099999998 0.01 0.01 0.01 0 0 0 0 0 0 0 0 0 0 0 0 0 0 0 0 0 0 0 0 0 0 0 0 0 0 0 0 0 0 0 0 0 0 0 0 0 0 0 0.012 0.106 0.123 0.141 0.157 0.164 0.176 0.188 0.197 0.196 0.2 0.202 0.193 0.133 0.133 0.134 0.124 0.075 0.076 0.077 0.075 0.06 0.061 0.061 0.072 0.125 0.126 0.128 0.131 0.143 0.145 0.146 0.15 0.166 0.162 0.158 0.163 0.21 0.202 0.195 0.187 0.164 0.163
0.011 0.013 0.014 0.01 0.01 0.011 0.01 0 0 0 0 0 0 0 0 0 0 0 0 0 0 0 0 0 0 0 0 0 0 0 0 0 0 0 0 0 0 0 0 0 0 0 0 0 0 0 0.012 0.107 0.125 0.144 0.161 0.166 0.178 0.189 0.197 0.194 0.196 0.2 0.191 0.132 0.133 0.134 0.124 0.076 0.077 0.077 0.075 0.061 0.062 0.062 0.073 0.127 0.127 0.13 0.133 0.145 0.147 0.148 0.151 0.166 0.163 0.158 0.162 0.209 0.201 0.195 0.187 0.163 0.162
0.013 0.014 0.015 0.011 0.011 0.011 0.01 0 0 0 0 0 0 0 0 0 0 0 0 0 0 0 0 0 0 0 0 0 0 0 0 0 0 0 0 0 0 0 0 0 0 0 0 0 0 0 0.012 0.106 0.125 0.15 0.198 0.167 0.178 0.188 0.196 0.192 0.194 0.195 0.186 0.131 0.132 0.134 0.125 0.076 0.078 0.078 0.077 0.062 0.063 0.064 0.074 0.13 0.131 0.132 0.132 0.148 0.15 0.151 0.154 0.17 0.166 0.16 0.165 0.212 0.202 0.196 0.187 0.164 0.162
0.018 0.018 0.019 0.014 0.014 0.014 0.013 0.0081604309 0.0081496425 0.0081390981 0.0081287976 0.0081187421 0.0081089307 0.0080993641 0.0079049682 0.0053873085 0.0053814198 0.0053756931 0.0049692034 0 0 0 0 0 0 0 0 0 0 0 0 0 0 0 0 0 0 0 0 0 0 0 0 0 0 0 0.014 0.121 0.139 0.161 0.19 0.175 0.185 0.196 0.202 0.184 0.181 0.181 0.171 0.107 0.108 0.11 0.105 0.07 0.071 0.072 0.072 0.065 0.066 0.067 0.085 0.19 0.193 0.196 0.187 0.143 0.145 0.147 0.156 0.203 0.199 0.193 0.197 0.251 0.236 0.226 0.211 0.168 0.166
0.021 0.021 0.021 0.015 0.015 0.015 0.015 0.012 0.012 0.012 0.012 0.012 0.012 0.012 0.012 0.0080000004 0.0080000004 0.0080375019 0.0078640347 0 0 0 0 0 0 0 0 0 0 0 0 0 0 0 0 0 0 0 0 0 0 0 0 0 0 0 0.015 0.127 0.144 0.162 0.178 0.176 0.186 0.197 0.202 0.178 0.176 0.177 0.166 0.094 0.096 0.098 0.094 0.065 0.066 0.067 0.069 0.068 0.069 0.07 0.093 0.224 0.228 0.232 0.22 0.143 0.145 0.147 0.16 0.224 0.22 0.214 0.219 0.278 0.26 0.246 0.227 0.171 0.169
0.021 0.021 0.022 0.016 0.015 0.015 0.015 0.012 0.012 0.012 0.012 0.012 0.012 0.012 0.012 0.0080000004 0.0080000004 0.0080748480 0.0083132442 0 0 0 0 0 0 0 0 0 0 0 0 0 0 0 0 0 0 0 0 0 0 0 0 0 0 0 0.014 0.124 0.141 0.158 0.173 0.171 0.181 0.191 0.197 0.175 0.177 0.178 0.168 0.093 0.095 0.094 0.091 0.063 0.065 0.067 0.069 0.069 0.07 0.072 0.097 0.23 0.234 0.239 0.227 0.147 0.149 0.151 0.165 0.232 0.228 0.223 0.229 0.293 0.274 0.258 0.234 0.174 0.171
0.022 0.022 0.023 0.016 0.016 0.016 0.016 0.012 0.012 0.012 0.013 0.012 0.012 0.012 0.012 0.0080129569 0.0081771687 0.0082254345 0.0081436299 0 0 0 0 0 0 0 0 0 0 0 0 0 0 0 0 0 0 0 0 0 0 0 0 0 0 0 0.014 0.122 0.137 0.153 0.168 0.166 0.176 0.186 0.192 0.171 0.174 0.176 0.166 0.091 0.091 0.087 0.086 0.063 0.065 0.068 0.07 0.069 0.071 0.073 0.099 0.237 0.241 0.246 0.234 0.151 0.154 0.156 0.171 0.24 0.237 0.233 0.241 0.312 0.291 0.272 0.244 0.179 0.175
0.024 0.024 0.024 0.017 0.017 0.016 0.016 0.013 0.013 0.013 0.013 0.012 0.012 0.012 0.012 0.0081109898 0.0090239970 0.0089468854 0.0074147396 0.0001090437 0.0001018454 0.0000948710 0.0000807545 0 0 0 0.0000066813 0.0000682231 0.0000622709 0.0000599930 0.0000485887 0 0 0 0 0 0 0 0 0 0 0 0.0000000550 0 0 0 0.014 0.121 0.135 0.15 0.164 0.162 0.171 0.181 0.187 0.168 0.17 0.173 0.163 0.087 0.082 0.087 0.086 0.062 0.066 0.069 0.072 0.07 0.072 0.074 0.101 0.242 0.247 0.252 0.239 0.155 0.158 0.16 0.176 0.246 0.245 0.241 0.253 0.331 0.312 0.289 0.252 0.186 0.179
0.022 0.022 0.022 0.016 0.016 0.015 0.015 0.019 0.019 0.019 0.019 0.017 0.017 0.017 0.017 0.011 0.011 0.011 0.01 0.0092921862 0.0092849890 0.0092780152 0.0084895426 0 0 0 0.0009819339 0.011 0.011 0.012 0.011 0 0 0 0 0 0 0 0 0 0 0 0.0037410709 0.034 0.037 0.04 0.051 0.107 0.121 0.134 0.136 0.166 0.176 0.188 0.199 0.211 0.211 0.215 0.2 0.086 0.088 0.093 0.092 0.071 0.075 0.079 0.084 0.094 0.096 0.097 0.097 0.095 0.096 0.098 0.098 0.101 0.103 0.104 0.116 0.167 0.166 0.165 0.175 0.231 0.221 0.209 0.186 0.132 0.126
0.023 0.023 0.022 0.016 0.016 0.016 0.015 0.02 0.02 0.02 0.02 0.018 0.018 0.018 0.017 0.011 0.011 0.011 0.011 0.011 0.011 0.011 0.01 0 0 0 0.0011763128 0.013 0.014 0.014 0.013 0 0 0 0 0 0 0 0 0 0 0 0.0045658508 0.041 0.045 0.049 0.059 0.105 0.117 0.13 0.13 0.165 0.175 0.185 0.196 0.214 0.218 0.221 0.206 0.086 0.09 0.094 0.094 0.073 0.077 0.082 0.087 0.1 0.102 0.104 0.098 0.067 0.068 0.069 0.073 0.092 0.094 0.095 0.105 0.153 0.153 0.153 0.163 0.219 0.213 0.205 0.185 0.13 0.123
0.024 0.023 0.022 0.016 0.016 0.016 0.016 0.02 0.02 0.021 0.02 0.018 0.019 0.018 0.017 0.011 0.011 0.011 0.011 0.011 0.011 0.011 0.011 0 0 0 0.0011844783 0.013 0.014 0.014 0.014 0 0 0 0 0 0 0 0 0 0 0 0.0046694400 0.042 0.046 0.05 0.059 0.105 0.117 0.129 0.129 0.163 0.172 0.182 0.191 0.21 0.215 0.218 0.197 0.087 0.091 0.095 0.095 0.074 0.078 0.083 0.089 0.101 0.103 0.106 0.1 0.069 0.07 0.071 0.075 0.093 0.095 0.096 0.106 0.155 0.155 0.154 0.166 0.224 0.221 0.216 0.197 0.139 0.132
0.025 0.024 0.023 0.017 0.016 0.016 0.016 0.02 0.02 0.021 0.021 0.018 0.02 0.019 0.017 0.011 0.011 0.011 0.011 0.011 0.011 0.011 0.011 0 0 0 0.0011926428 0.013 0.014 0.014 0.014 0 0 0 0 0 0 0 0 0 0 0 0.0048116832 0.043 0.047 0.051 0.06 0.106 0.117 0.128 0.133 0.161 0.17 0.179 0.189 0.208 0.212 0.21 0.193 0.111 0.091 0.099 0.121 0.101 0.112 0.117 0.115 0.103 0.105 0.108 0.105 0.088 0.071 0.072 0.075 0.095 0.096 0.096 0.106 0.155 0.155 0.155 0.167 0.228 0.227 0.224 0.207 0.147 0.14
0.026 0.025 0.024 0.02 0.019 0.018 0.018 0.022 0.022 0.022 0.022 0.019 0.02 0.018 0.017 0.012 0.012 0.012 0.011 0.011 0.011 0.011 0.011 0.0023765771 0.0025665720 0.0029036731 0.0040101637 0.013 0.014 0.015 0.014 0 0 0 0 0 0 0 0 0 0 0 0.0041052634 0.037 0.039 0.043 0.053 0.109 0.119 0.13 0.146 0.178 0.187 0.195 0.206 0.223 0.227 0.217 0.213 0.17 0.115 0.13 0.187 0.18 0.201 0.21 0.192 0.116 0.12 0.123 0.126 0.138 0.094 0.095 0.095 0.093 0.094 0.095 0.103 0.144 0.144 0.144 0.155 0.208 0.208 0.207 0.194 0.139 0.134
0.025 0.024 0.024 0.031 0.029 0.028 0.027 0.026 0.026 0.026 0.026 0.02 0.019 0.019 0.02 0.014 0.014 0.014 0.014 0.0090841558 0.0099999998 0.0099999998 0.01 0.013 0.014 0.016 0.017 0.015 0.016 0.017 0.015 0 0 0 0 0 0 0 0 0 0 0 0 0 0 0 0.014 0.121 0.13 0.139 0.162 0.265 0.275 0.284 0.296 0.308 0.312 0.299 0.278 0.22 0.231 0.242 0.258 0.305 0.322 0.34 0.329 0.178 0.183 0.186 0.187 0.193 0.196 0.199 0.182 0.085 0.085 0.086 0.086 0.089 0.089 0.09 0.093 0.111 0.112 0.112 0.106 0.08 0.078
0.025 0.025 0.024 0.032 0.03 0.028 0.027 0.026 0.026 0.026 0.026 0.02 0.019 0.019 0.02 0.014 0.014 0.014 0.014 0.0090849549 0.0099999998 0.0099999998 0.01 0.013 0.015 0.016 0.018 0.016 0.017 0.017 0.015 0 0 0 0 0 0 0 0 0 0 0 0 0 0 0 0.014 0.118 0.128 0.138 0.16 0.259 0.272 0.282 0.293 0.304 0.299 0.303 0.297 0.223 0.234 0.245 0.263 0.309 0.326 0.344 0.333 0.179 0.184 0.188 0.188 0.195 0.198 0.201 0.184 0.085 0.086 0.086 0.087 0.09 0.09 0.091 0.094 0.113 0.113 0.113 0.107 0.081 0.079
