test/data/MultiAscFiles/storm_20140819_1805.asc
ncols         460
nrows         490
xllcorner     457580.44
yllcorner     832998.69
cellsize      759.442170269541
nodata_value  -9999.0
[rows 78 to 116 of 490, columns 267 to 355 of 460]
0.032 0.032 0.032 0.02 0.019 0.019 0.019 0.0010798059 0 0 0 0.019 0.021 0.022 0.023 0.027 0.028 0.029 0.03 0.03 0.031 0.033 0.034 0.033 0.033 0.033 0.034 0.03 0.03 0.03 0.031 0.054 0.053 0.052 0.051 0.05 0.049 0.048 0.048 0.059 0.059 0.06 0.06 0.055 0.054 0.054 0.055 0.069 0.069 0.068 0.065 0.04 0.04 0.039 0.039 0.046 0.045 0.044 0.043 0.045 0.045 0.045 0.042 0.029 0.029 0.028 0.029 0.038 0.037 0.037 0.036 0.036 0.035 0.035 0.035 0.037 0.036 0.035 0.034 0.03 0.03 0.03 0.032 0.039 0.042 0.043 0.041 0.032 0.031
0.03 0.03 0.03 0.019 0.018 0.018 0.018 0.0010123539 0 0 0 0.018 0.02 0.021 0.022 0.027 0.028 0.028 0.03 0.03 0.031 0.033 0.034 0.033 0.033 0.033 0.034 0.03 0.03 0.03 0.03 0.053 0.052 0.052 0.051 0.049 0.049 0.048 0.048 0.058 0.059 0.059 0.059 0.054 0.054 0.053 0.055 0.069 0.068 0.068 0.064 0.04 0.039 0.038 0.038 0.045 0.044 0.043 0.043 0.045 0.044 0.044 0.041 0.028 0.028 0.027 0.028 0.036 0.035 0.035 0.034 0.034 0.033 0.033 0.033 0.035 0.034 0.034 0.032 0.029 0.029 0.029 0.032 0.039 0.041 0.042 0.04 0.032 0.031
0.029 0.029 0.029 0.018 0.017 0.017 0.017 0.0009467399 0 0 0 0.018 0.019 0.02 0.021 0.026 0.027 0.028 0.029 0.03 0.031 0.032 0.034 0.033 0.033 0.033 0.034 0.03 0.03 0.029 0.03 0.052 0.052 0.051 0.051 0.049 0.048 0.048 0.048 0.058 0.058 0.059 0.059 0.053 0.053 0.053 0.055 0.069 0.068 0.067 0.063 0.039 0.038 0.037 0.037 0.044 0.043 0.042 0.042 0.044 0.043 0.043 0.04 0.028 0.027 0.026 0.027 0.035 0.034 0.033 0.033 0.032 0.032 0.032 0.032 0.034 0.033 0.033 0.031 0.028 0.028 0.029 0.031 0.038 0.04 0.041 0.039 0.031 0.031
0.027 0.027 0.028 0.017 0.016 0.016 0.016 0.0008829634 0 0 0 0.018 0.018 0.019 0.02 0.025 0.026 0.027 0.029 0.029 0.031 0.032 0.033 0.032 0.033 0.033 0.034 0.03 0.03 0.029 0.03 0.052 0.051 0.051 0.05 0.049 0.048 0.047 0.048 0.058 0.058 0.058 0.058 0.053 0.052 0.052 0.054 0.068 0.067 0.066 0.062 0.038 0.037 0.036 0.036 0.042 0.042 0.041 0.041 0.043 0.042 0.042 0.039 0.027 0.026 0.025 0.026 0.034 0.033 0.032 0.031 0.031 0.03 0.03 0.03 0.032 0.032 0.031 0.03 0.027 0.027 0.028 0.031 0.038 0.039 0.04 0.039 0.031 0.031
0.023 0.024 0.024 0.018 0.019 0.019 0.019 0.011 0.011 0.011 0.011 0.012 0.012 0.012 0.013 0.016 0.017 0.017 0.019 0.026 0.028 0.029 0.03 0.027 0.028 0.028 0.029 0.043 0.043 0.042 0.042 0.051 0.05 0.05 0.049 0.047 0.046 0.045 0.046 0.055 0.056 0.056 0.055 0.05 0.049 0.049 0.05 0.06 0.059 0.058 0.055 0.037 0.036 0.035 0.035 0.04 0.039 0.038 0.038 0.038 0.038 0.037 0.036 0.028 0.028 0.027 0.029 0.04 0.039 0.038 0.036 0.034 0.034 0.033 0.033 0.031 0.031 0.031 0.03 0.026 0.027 0.028 0.029 0.032 0.032 0.033 0.035 0.035 0.036
0.019 0.019 0.02 0.022 0.023 0.024 0.024 0.029 0.03 0.03 0.031 0.0010884682 0 0 0 0 0 0 0 0.022 0.023 0.024 0.025 0.018 0.018 0.019 0.02 0.066 0.065 0.065 0.063 0.05 0.049 0.049 0.047 0.042 0.042 0.041 0.042 0.052 0.052 0.052 0.051 0.043 0.043 0.043 0.043 0.045 0.044 0.044 0.042 0.034 0.033 0.033 0.032 0.036 0.036 0.035 0.034 0.031 0.031 0.03 0.03 0.032 0.031 0.03 0.034 0.051 0.049 0.048 0.046 0.042 0.041 0.041 0.038 0.03 0.03 0.03 0.029 0.026 0.027 0.028 0.026 0.021 0.021 0.022 0.028 0.043 0.044
0.017 0.018 0.019 0.021 0.022 0.022 0.023 0.028 0.028 0.029 0.029 0.0010001516 0 0 0 0 0 0 0 0.021 0.022 0.023 0.024 0.017 0.017 0.018 0.019 0.064 0.063 0.063 0.061 0.048 0.047 0.047 0.047 0.041 0.041 0.041 0.041 0.051 0.051 0.05 0.049 0.041 0.041 0.041 0.04 0.043 0.042 0.042 0.04 0.033 0.032 0.031 0.032 0.035 0.035 0.034 0.033 0.03 0.03 0.029 0.028 0.031 0.03 0.029 0.032 0.049 0.048 0.046 0.044 0.041 0.039 0.039 0.037 0.029 0.029 0.029 0.029 0.027 0.027 0.027 0.026 0.02 0.021 0.022 0.028 0.042 0.043
0.016 0.017 0.018 0.02 0.02 0.021 0.022 0.026 0.027 0.027 0.027 0.0009151779 0 0 0 0 0 0 0 0.02 0.021 0.022 0.023 0.016 0.016 0.017 0.018 0.061 0.06 0.06 0.059 0.046 0.046 0.045 0.045 0.04 0.04 0.04 0.041 0.05 0.049 0.049 0.048 0.039 0.039 0.038 0.039 0.04 0.04 0.039 0.038 0.031 0.031 0.03 0.031 0.034 0.034 0.033 0.032 0.029 0.028 0.028 0.028 0.029 0.028 0.027 0.031 0.046 0.045 0.044 0.042 0.039 0.039 0.037 0.035 0.028 0.029 0.029 0.028 0.026 0.026 0.026 0.025 0.02 0.02 0.021 0.027 0.041 0.042
0.015 0.016 0.017 0.018 0.019 0.02 0.021 0.025 0.026 0.026 0.026 0.0008563155 0 0 0 0 0 0 0 0.019 0.02 0.021 0.022 0.015 0.015 0.016 0.017 0.058 0.058 0.058 0.057 0.045 0.045 0.044 0.044 0.039 0.039 0.039 0.04 0.049 0.048 0.048 0.046 0.038 0.037 0.037 0.036 0.038 0.038 0.038 0.037 0.03 0.03 0.029 0.03 0.033 0.033 0.032 0.031 0.028 0.027 0.027 0.027 0.028 0.027 0.026 0.029 0.044 0.043 0.042 0.04 0.037 0.037 0.037 0.035 0.028 0.028 0.028 0.028 0.025 0.026 0.026 0.025 0.019 0.02 0.021 0.026 0.041 0.041
0.023 0.025 0.026 0.021 0.022 0.023 0.024 0.022 0.022 0.023 0.023 0.0007193889 0 0 0 0 0 0 0 0.023 0.024 0.025 0.026 0.0071159783 0.0071335137 0.0076085478 0.0086299246 0.046 0.046 0.046 0.046 0.042 0.042 0.042 0.043 0.045 0.045 0.045 0.046 0.055 0.053 0.052 0.052 0.067 0.064 0.062 0.059 0.045 0.045 0.045 0.044 0.032 0.031 0.031 0.029 0.016 0.015 0.015 0.015 0.013 0.013 0.013 0.015 0.026 0.025 0.024 0.026 0.036 0.035 0.034 0.033 0.032 0.032 0.032 0.031 0.027 0.027 0.027 0.028 0.028 0.029 0.028 0.028 0.026 0.027 0.028 0.03 0.035 0.035
0.028 0.03 0.032 0.023 0.023 0.024 0.026 0.02 0.019 0.019 0.019 0.0005886308 0 0 0 0 0 0 0 0.026 0.027 0.028 0.029 0 0 0 0.0009435655 0.035 0.035 0.035 0.036 0.04 0.04 0.04 0.041 0.05 0.05 0.05 0.051 0.059 0.057 0.055 0.057 0.091 0.087 0.083 0.077 0.05 0.051 0.051 0.05 0.033 0.032 0.032 0.028 0 0 0 0 0 0 0 0.0039065084 0.024 0.023 0.022 0.023 0.028 0.027 0.027 0.027 0.028 0.028 0.028 0.027 0.026 0.026 0.026 0.028 0.031 0.031 0.031 0.032 0.032 0.033 0.034 0.034 0.03 0.03
0.025 0.027 0.029 0.02 0.021 0.023 0.024 0.018 0.018 0.018 0.018 0.0005260444 0 0 0 0 0 0 0 0.022 0.023 0.024 0.026 0 0 0 0.0008963156 0.032 0.032 0.033 0.034 0.037 0.038 0.038 0.039 0.047 0.047 0.047 0.049 0.056 0.054 0.052 0.053 0.083 0.079 0.075 0.069 0.046 0.047 0.047 0.046 0.031 0.031 0.031 0.027 0 0 0 0 0 0 0 0.0037627211 0.023 0.023 0.022 0.022 0.027 0.027 0.026 0.026 0.027 0.027 0.027 0.026 0.025 0.025 0.026 0.027 0.03 0.031 0.03 0.031 0.031 0.032 0.033 0.033 0.028 0.028
0.023 0.024 0.026 0.018 0.02 0.021 0.023 0.017 0.017 0.017 0.017 0.0004833127 0 0 0 0 0 0 0 0.02 0.021 0.022 0.023 0 0 0 0.0008451082 0.03 0.03 0.031 0.031 0.035 0.036 0.036 0.036 0.045 0.045 0.045 0.046 0.053 0.051 0.049 0.049 0.074 0.07 0.066 0.061 0.041 0.042 0.043 0.043 0.029 0.029 0.029 0.026 0 0 0 0 0 0 0 0.0036193647 0.022 0.022 0.021 0.021 0.026 0.026 0.025 0.025 0.026 0.026 0.026 0.026 0.024 0.025 0.025 0.027 0.029 0.03 0.029 0.03 0.031 0.031 0.032 0.032 0.027 0.026
0.02 0.021 0.022 0.017 0.018 0.019 0.021 0.016 0.016 0.016 0.015 0.0004203835 0 0 0 0 0 0 0 0.017 0.018 0.019 0.02 0 0 0 0.0007673976 0.027 0.027 0.028 0.029 0.032 0.033 0.033 0.034 0.042 0.042 0.042 0.043 0.049 0.047 0.045 0.045 0.066 0.062 0.058 0.053 0.036 0.038 0.04 0.039 0.027 0.027 0.028 0.024 0 0 0 0 0 0 0 0.0034764381 0.021 0.021 0.02 0.021 0.025 0.024 0.024 0.024 0.025 0.025 0.025 0.025 0.023 0.024 0.024 0.026 0.029 0.029 0.028 0.029 0.03 0.03 0.031 0.03 0.025 0.025
0.0056096525 0.013 0.014 0.0053616962 0.0051240730 0.0054289689 0.0060098073 0.0043970244 0.0046170913 0.0046421750 0.0043738196 0.021 0.021 0.02 0.02 0.0099924663 0.0000774778 0 0.0091332775 0.032 0.035 0.039 0.041 0 0 0 0.0002319517 0.0078766290 0.0081937257 0.0084988717 0.0094637843 0.03 0.03 0.031 0.032 0.057 0.057 0.057 0.058 0.072 0.069 0.065 0.06 0.042 0.04 0.037 0.035 0.031 0.033 0.034 0.034 0.026 0.026 0.027 0.026 0.02 0.019 0.019 0.017 0.015 0.014 0.014 0.015 0.019 0.018 0.018 0.018 0.021 0.021 0.02 0.02 0.022 0.022 0.022 0.022 0.022 0.022 0.022 0.024 0.028 0.028 0.028 0.027 0.024 0.024 0.024 0.02 0.0071804509 0.0074590058
0 0.0041960455 0.0049093096 0.0002734757 0 0 0 0 0 0 0 0.026 0.026 0.025 0.026 0.015 0.0001052805 0 0.017 0.033 0.037 0.041 0.044 0 0 0 0 0 0 0 0.0011623112 0.026 0.026 0.027 0.029 0.058 0.059 0.059 0.061 0.076 0.072 0.069 0.063 0.03 0.029 0.027 0.027 0.028 0.029 0.031 0.031 0.024 0.025 0.025 0.026 0.028 0.027 0.026 0.025 0.02 0.02 0.019 0.019 0.017 0.016 0.016 0.017 0.019 0.019 0.018 0.018 0.02 0.02 0.02 0.02 0.02 0.02 0.021 0.023 0.027 0.027 0.027 0.026 0.02 0.02 0.02 0.015 0 0
0 0 0 0 0 0 0 0 0 0 0 0.022 0.022 0.021 0.022 0.014 0.0000840068 0 0.017 0.025 0.029 0.032 0.035 0 0 0 0 0 0 0 0.0009644913 0.021 0.021 0.022 0.025 0.049 0.05 0.051 0.053 0.065 0.063 0.06 0.055 0.026 0.025 0.025 0.024 0.025 0.026 0.028 0.028 0.023 0.023 0.023 0.025 0.026 0.025 0.025 0.024 0.019 0.019 0.019 0.018 0.017 0.016 0.016 0.016 0.019 0.019 0.018 0.018 0.02 0.02 0.02 0.02 0.02 0.02 0.02 0.022 0.026 0.026 0.027 0.025 0.02 0.02 0.02 0.014 0 0
0 0 0 0 0 0 0 0 0 0 0 0.019 0.018 0.017 0.017 0.0079864506 0.0000413934 0 0.0095320838 0.019 0.022 0.024 0.027 0 0 0 0 0 0 0 0.0007833636 0.017 0.017 0.018 0.021 0.041 0.042 0.043 0.045 0.056 0.054 0.052 0.048 0.023 0.022 0.022 0.022 0.023 0.024 0.026 0.026 0.022 0.022 0.022 0.023 0.024 0.024 0.023 0.022 0.018 0.018 0.018 0.017 0.016 0.016 0.015 0.016 0.018 0.018 0.018 0.017 0.019 0.019 0.019 0.019 0.019 0.019 0.019 0.021 0.025 0.025 0.026 0.024 0.019 0.019 0.019 0.013 0 0
0 0 0 0 0 0 0 0 0 0 0 0.015 0.014 0.013 0.012 0.0000993673 0 0 0.0000364766 0.012 0.015 0.017 0.02 0 0 0 0 0 0 0 0.0005846614 0.013 0.014 0.015 0.017 0.035 0.036 0.037 0.038 0.046 0.045 0.044 0.041 0.021 0.02 0.02 0.019 0.019 0.021 0.022 0.023 0.02 0.02 0.021 0.021 0.023 0.022 0.022 0.021 0.017 0.017 0.017 0.017 0.015 0.015 0.015 0.015 0.017 0.017 0.017 0.017 0.019 0.018 0.018 0.018 0.018 0.018 0.018 0.02 0.024 0.024 0.025 0.024 0.019 0.019 0.019 0.014 0.0007999207 0.0008904118
0 0 0 0 0 0 0 0 0 0 0 0.0018443670 0.0017816765 0.0016738555 0.0015641572 0.0000111619 0 0 0.0000060116 0.0016124352 0.0019944538 0.0022576672 0.0025924321 0 0 0 0 0 0 0 0.0000796488 0.0017016167 0.0018382848 0.0019754744 0.0037037255 0.028 0.03 0.032 0.032 0.023 0.022 0.022 0.022 0.027 0.027 0.026 0.023 0.0027054399 0.0028573854 0.0031135178 0.0047200248 0.016 0.016 0.017 0.018 0.023 0.022 0.022 0.021 0.018 0.017 0.017 0.017 0.015 0.014 0.014 0.014 0.013 0.013 0.013 0.014 0.018 0.017 0.017 0.017 0.018 0.018 0.018 0.02 0.026 0.027 0.027 0.027 0.028 0.029 0.029 0.024 0.016 0.018
0 0 0 0 0 0 0 0 0 0 0 0 0 0 0 0 0 0 0 0 0 0 0 0 0 0 0 0 0 0 0 0 0 0 0.0013697919 0.022 0.023 0.025 0.026 0.015 0.015 0.015 0.016 0.024 0.024 0.023 0.021 0 0 0 0.0016254506 0.014 0.014 0.015 0.016 0.021 0.021 0.021 0.02 0.017 0.016 0.016 0.016 0.014 0.013 0.013 0.014 0.011 0.011 0.011 0.012 0.017 0.016 0.016 0.016 0.017 0.017 0.017 0.019 0.025 0.026 0.026 0.027 0.028 0.029 0.03 0.027 0.018 0.02
0 0 0 0 0 0 0 0 0 0 0 0 0 0 0 0 0 0 0 0 0 0 0 0 0 0 0 0 0 0 0 0 0 0 0.0010478505 0.017 0.018 0.019 0.02 0.012 0.012 0.013 0.014 0.019 0.019 0.019 0.018 0 0 0 0.0014903025 0.013 0.013 0.014 0.015 0.02 0.019 0.019 0.018 0.015 0.015 0.015 0.015 0.013 0.013 0.013 0.013 0.011 0.011 0.01 0.011 0.015 0.015 0.015 0.015 0.015 0.016 0.016 0.018 0.023 0.024 0.025 0.026 0.026 0.028 0.029 0.027 0.018 0.019
0 0 0 0 0 0 0 0 0 0 0 0 0 0 0 0 0 0 0 0 0 0 0 0 0 0 0 0 0 0 0 0 0 0 0.0008103618 0.013 0.014 0.015 0.016 0.01 0.01 0.011 0.012 0.016 0.016 0.016 0.015 0 0 0 0.0013909378 0.012 0.012 0.013 0.014 0.018 0.018 0.018 0.017 0.015 0.015 0.015 0.014 0.013 0.012 0.013 0.012 0.011 0.011 0.0099999998 0.011 0.015 0.015 0.014 0.014 0.015 0.015 0.015 0.017 0.022 0.022 0.023 0.024 0.025 0.027 0.028 0.027 0.018 0.019
0 0 0 0 0 0 0 0 0 0 0 0 0 0 0 0 0 0 0 0 0 0 0 0 0 0 0 0 0 0 0 0 0 0 0.0005520594 0.0087724933 0.0095719639 0.01 0.011 0.0071449559 0.0072142659 0.0079436246 0.0084620090 0.014 0.014 0.014 0.012 0 0 0 0.0014872301 0.013 0.013 0.014 0.015 0.014 0.014 0.014 0.013 0.011 0.011 0.011 0.011 0.0095305713 0.0095276628 0.0095245084 0.0097143846 0.011 0.011 0.011 0.011 0.013 0.013 0.012 0.013 0.014 0.014 0.014 0.015 0.02 0.021 0.022 0.022 0.023 0.025 0.026 0.026 0.02 0.021
0 0 0 0 0 0 0 0 0 0 0 0 0 0 0 0 0 0 0 0 0 0 0 0 0 0 0 0 0 0 0 0 0 0 0 0 0 0 0 0 0 0 0.0010932818 0.012 0.012 0.012 0.012 0 0 0 0.0021446906 0.018 0.021 0.023 0.022 0 0 0 0 0 0 0 0 0 0 0 0.0022751722 0.013 0.013 0.013 0.012 0.011 0.0099564856 0.0099560590 0.011 0.013 0.013 0.013 0.015 0.017 0.018 0.019 0.02 0.019 0.021 0.022 0.024 0.026 0.028
0 0 0 0 0 0 0 0 0 0 0 0 0 0 0 0 0 0 0 0 0 0 0 0 0 0 0 0 0 0 0 0 0 0 0 0 0 0 0 0 0 0 0.0009425497 0.01 0.011 0.011 0.011 0 0 0 0.0019455031 0.017 0.02 0.022 0.021 0 0 0 0 0 0 0 0 0 0 0 0.0021242907 0.012 0.012 0.011 0.011 0.0099295210 0.0091216750 0.0091212485 0.0095512532 0.011 0.012 0.012 0.013 0.016 0.017 0.017 0.018 0.019 0.02 0.021 0.023 0.026 0.028
0 0 0 0 0 0 0 0 0 0 0 0 0 0 0 0 0 0 0 0 0 0 0 0 0 0 0 0 0 0 0 0 0 0 0 0 0 0 0 0 0 0 0.0002674871 0.0029310610 0.0038984481 0.01 0.01 0 0 0 0.0018310810 0.016 0.018 0.02 0.02 0 0 0 0 0 0 0 0 0 0 0 0.0019740034 0.011 0.011 0.01 0.01 0.0092320917 0.0088605629 0.0082864389 0.0086908201 0.01 0.011 0.011 0.012 0.015 0.016 0.017 0.017 0.018 0.02 0.021 0.022 0.025 0.027
0 0 0 0 0 0 0 0 0 0 0 0 0 0 0 0 0 0 0 0 0 0 0 0 0 0 0 0 0 0 0 0 0 0 0 0 0 0 0 0 0 0 0 0 0.0004523448 0.0051639280 0.0093465140 0 0 0 0.0017316648 0.015 0.017 0.019 0.018 0 0 0 0 0 0 0 0 0 0 0 0.0018243104 0.01 0.01 0.0094532119 0.0092646638 0.0084524611 0.0083638942 0.0080000004 0.0082929386 0.0094507132 0.0094502252 0.0095451102 0.011 0.014 0.015 0.016 0.016 0.017 0.018 0.02 0.021 0.024 0.026
0 0 0 0.0042544631 0.0048068548 0.0055851010 0.0055982815 0.0001461078 0 0 0 0 0 0 0 0 0 0 0 0 0 0 0 0 0 0 0 0 0 0 0 0 0 0 0 0 0 0 0 0 0 0 0 0 0 0.0006387077 0.0058735651 0.0030299602 0.0030292768 0.0030728367 0.0040412247 0.0088537885 0.01 0.011 0.011 0 0 0 0.0007240785 0.0049279365 0.0048717046 0.0045529604 0.0038239255 0 0 0 0.0016089255 0.0092381425 0.0090565532 0.0082368031 0.0085502854 0.0099117458 0.0098393233 0.0095327282 0.0099675115 0.012 0.012 0.012 0.012 0.014 0.014 0.015 0.016 0.015 0.017 0.018 0.019 0.02 0.022
0 0 0 0.011 0.012 0.014 0.014 0.0003508785 0 0 0 0 0 0 0 0 0 0 0 0 0 0 0 0 0 0 0 0 0 0 0 0 0 0 0 0 0 0 0 0 0 0 0 0 0 0 0.0008510366 0.0080000004 0.0080000004 0.0081164921 0.0079212356 0 0 0 0 0 0 0 0.0019087762 0.013 0.013 0.012 0.0098962076 0 0 0 0.0013529119 0.0077842600 0.0076424079 0.0069602011 0.0079068812 0.013 0.013 0.012 0.013 0.016 0.016 0.016 0.015 0.013 0.013 0.014 0.015 0.014 0.015 0.016 0.016 0.015 0.016
0 0 0 0.011 0.011 0.014 0.014 0.0003355302 0 0 0 0 0 0 0 0 0 0 0 0 0 0 0 0 0 0 0 0 0 0 0 0 0 0 0 0 0 0 0 0 0 0 0 0 0 0 0.0008469652 0.0079569463 0.0080000004 0.0081165545 0.0079208929 0 0 0 0 0 0 0 0.0018995916 0.013 0.012 0.012 0.0091980426 0 0 0 0.0012140708 0.0069910628 0.0069491244 0.0067747012 0.0071112951 0.012 0.012 0.012 0.012 0.015 0.015 0.015 0.014 0.012 0.012 0.013 0.014 0.014 0.014 0.015 0.016 0.015 0.016
0 0 0 0.011 0.013 0.013 0.014 0.0003201835 0 0 0 0 0 0 0 0 0 0 0 0 0 0 0 0 0 0 0 0 0 0 0 0 0 0 0 0 0 0 0 0 0 0 0 0 0 0 0.0007590156 0.0072139478 0.0080000004 0.0081166178 0.0079205502 0 0 0 0 0 0 0 0.0017752268 0.012 0.012 0.011 0.0084994463 0 0 0 0.0012115827 0.0068438179 0.0061143129 0.0060931067 0.0069530131 0.011 0.011 0.011 0.012 0.014 0.014 0.014 0.013 0.011 0.011 0.012 0.013 0.013 0.014 0.015 0.016 0.014 0.016
0 0 0 0.012 0.013 0.013 0.013 0.0002887649 0 0 0 0 0 0 0 0 0 0 0 0 0 0 0 0 0 0 0 0 0 0 0 0 0 0 0 0 0 0 0 0 0 0 0 0 0 0 0.0007475227 0.0071100858 0.0080813989 0.0087507628 0.0079202075 0 0 0 0 0 0 0 0.0016511274 0.011 0.011 0.01 0.0084045939 0 0 0 0.0010847531 0.0062305690 0.0058707991 0.0052791564 0.0063424469 0.011 0.01 0.01 0.011 0.013 0.013 0.013 0.013 0.01 0.01 0.011 0.012 0.013 0.014 0.015 0.015 0.014 0.015
0 0 0 0.012 0.012 0.013 0.013 0.0013911219 0.0000199168 0 0 0 0 0 0 0 0 0 0 0 0 0 0 0 0 0 0 0 0 0 0 0 0 0 0 0 0 0 0 0 0 0 0 0 0.0005552876 0.0055876733 0.0057663131 0.0031796601 0.0043188999 0.01 0.0098650120 0 0 0 0 0 0 0 0.0011230726 0.0072678458 0.0048455726 0.0044652848 0.0047224462 0.0060928413 0.0060036154 0.0055439980 0.0057205567 0.0064575062 0.0059204376 0.0055556558 0.0061531854 0.0086906534 0.0083295619 0.0082194665 0.0089185378 0.014 0.014 0.014 0.013 0.011 0.011 0.012 0.012 0.012 0.013 0.014 0.014 0.013 0.014
0 0 0 0.012 0.012 0.012 0.012 0.0013997821 0.0000193770 0 0 0 0 0 0 0 0 0 0 0 0 0 0 0 0 0 0 0 0 0 0 0 0 0 0 0 0 0 0 0 0 0 0 0 0.0010056628 0.01 0.0098223202 0 0.0012051248 0.011 0.011 0 0 0 0 0 0 0 0.0004470129 0.0026034364 0 0 0.0017492922 0.011 0.011 0.0099343127 0.0090944525 0.0065032542 0.0060000001 0.0059290286 0.0058664805 0.0069263512 0.0066083749 0.0064895512 0.0075062569 0.014 0.014 0.014 0.013 0.012 0.012 0.012 0.012 0.012 0.012 0.013 0.013 0.011 0.012
0 0 0 0.012 0.012 0.011 0.011 0.0001988674 0 0 0 0 0 0 0 0 0 0 0 0 0 0 0 0 0 0 0 0 0 0 0 0 0 0 0 0 0 0 0 0 0 0 0 0 0.0007830366 0.0080857342 0.0096221417 0 0.0008837661 0.0082447520 0.01 0 0 0 0 0 0 0 0 0 0 0 0.0017464657 0.011 0.0099999998 0.0098315617 0.0084850136 0.0060000001 0.0059599369 0.0056342389 0.0053274632 0.0066286358 0.0060000001 0.0059559382 0.0071996804 0.013 0.013 0.013 0.013 0.011 0.011 0.012 0.012 0.011 0.012 0.012 0.012 0.011 0.011
0 0 0 0.012 0.011 0.011 0.0099422298 0.0001725631 0 0 0 0 0 0 0 0 0 0 0 0 0 0 0 0 0 0 0 0 0 0 0 0 0 0 0 0 0 0 0 0 0 0 0 0 0 0.0009815100 0.0084147397 0 0 0.0012128036 0.0091264499 0 0 0 0 0 0 0 0 0 0 0 0.0017344280 0.011 0.0099903410 0.0097730532 0.0084370868 0.0059896302 0.0057731653 0.0049999999 0.0051840995 0.0060000001 0.0059883320 0.0057565747 0.0065751392 0.013 0.013 0.013 0.013 0.011 0.011 0.011 0.012 0.011 0.011 0.012 0.012 0.01 0.011
0 0 0 0.011 0.011 0.01 0.0091062989 0.0001480892 0 0 0 0 0 0 0 0 0 0 0 0 0 0 0 0 0 0 0 0 0 0 0 0 0 0 0 0 0 0 0 0 0 0 0 0 0 0.0001123422 0.0009625032 0 0 0.0001391112 0.0010465981 0 0 0 0 0 0 0 0 0 0 0 0.0015995030 0.01 0.0098529449 0.0089385714 0.0077460310 0.0058442908 0.0050867437 0.0049999999 0.0051836465 0.0060000001 0.0058297538 0.0050835153 0.0065707243 0.013 0.012 0.012 0.012 0.01 0.01 0.011 0.011 0.011 0.011 0.012 0.012 0.01 0.011
0.0075676180 0.0075290771 0.0075188144 0.0028728913 0.0027512070 0.0025161433 0.0022727952 0.0000346027 0 0 0 0 0 0 0 0 0 0 0 0 0 0 0 0 0 0 0 0 0 0 0 0 0 0 0 0 0 0 0 0 0 0 0 0 0 0 0 0 0 0 0 0 0 0 0 0 0 0 0 0 0 0 0.0015799887 0.0088269059 0.0026733230 0.0023983486 0.0029477177 0.0066819759 0.0063297292 0.0057297205 0.0064482638 0.0095162373 0.0088725118 0.0085156392 0.0090635056 0.014 0.013 0.013 0.014 0.014 0.014 0.015 0.015 0.015 0.015 0.016 0.017 0.016 0.017
