test/data/MultiAscFiles/storm_20140819_1805.asc
ncols         460
nrows         490
xllcorner     457580.44
yllcorner     832998.69
cellsize      759.442170269541
nodata_value  -9999.0
[rows 234 to 272 of 490, columns 89 to 177 of 460]
0.09 0.081 0.081 0.08 0.078 0.051 0.051 0.05 0.047 0.039 0.038 0.037 0.037 0.046 0.045 0.043 0.04 0.05 0.048 0.046 0.042 0.02 0.019 0.018 0.017 0.0055678156 0.0040000002 0.0040000002 0.0036997881 0 0 0 0 0 0 0 0 0 0 0 0 0 0 0 0 0 0 0 0 0 0 0 0 0 0 0 0 0 0 0 0.0008219556 0.0099999998 0.0099999998 0.0099999998 0.011 0.024 0.024 0.024 0.027 0.055 0.055 0.055 0.053 0.031 0.031 0.031 0.031 0.032 0.032 0.033 0.049 0.071 0.072 0.072 0.071 0.063 0.063 0.063 0.059
0.087 0.068 0.068 0.068 0.067 0.054 0.053 0.052 0.051 0.046 0.045 0.044 0.043 0.053 0.051 0.049 0.047 0.054 0.051 0.049 0.045 0.03 0.029 0.028 0.025 0.0020158275 0.0020323868 0.0020488647 0.0019001417 0 0 0 0 0 0 0 0 0 0 0 0 0 0 0 0 0 0 0 0 0 0 0 0 0 0 0 0 0 0 0 0.0009572157 0.011 0.011 0.011 0.012 0.025 0.025 0.025 0.028 0.053 0.053 0.053 0.052 0.041 0.041 0.041 0.043 0.056 0.055 0.057 0.077 0.068 0.069 0.069 0.068 0.06 0.06 0.06 0.057
0.085 0.06 0.06 0.06 0.059 0.055 0.055 0.054 0.053 0.052 0.051 0.05 0.049 0.059 0.057 0.054 0.052 0.056 0.054 0.051 0.049 0.04 0.038 0.037 0.033 0 0 0 0 0 0 0 0 0 0 0 0 0 0 0 0 0 0 0 0 0 0 0 0 0 0 0 0 0 0 0 0 0 0 0 0.0011756723 0.013 0.013 0.013 0.014 0.028 0.028 0.028 0.03 0.049 0.049 0.049 0.05 0.063 0.063 0.063 0.068 0.109 0.109 0.109 0.105 0.062 0.063 0.063 0.061 0.053 0.053 0.053 0.05
0.086 0.061 0.061 0.061 0.06 0.056 0.056 0.055 0.053 0.053 0.052 0.05 0.049 0.059 0.057 0.054 0.051 0.056 0.054 0.051 0.048 0.038 0.037 0.036 0.032 0 0 0 0 0 0 0 0 0 0 0 0 0 0 0 0 0 0 0 0 0 0 0 0 0 0 0 0 0 0 0 0 0 0 0 0.0012292290 0.013 0.013 0.013 0.014 0.028 0.028 0.028 0.03 0.049 0.049 0.049 0.05 0.064 0.064 0.064 0.068 0.109 0.109 0.109 0.105 0.063 0.063 0.063 0.061 0.053 0.053 0.053 0.05
0.088 0.062 0.062 0.062 0.062 0.057 0.057 0.056 0.054 0.054 0.052 0.051 0.049 0.059 0.057 0.054 0.05 0.055 0.053 0.05 0.047 0.037 0.036 0.035 0.031 0 0 0 0 0 0 0 0 0 0 0 0 0 0 0 0 0 0 0 0 0 0 0 0 0 0 0 0 0 0 0 0 0 0 0 0.0012827803 0.013 0.013 0.013 0.014 0.028 0.028 0.028 0.03 0.049 0.049 0.049 0.051 0.064 0.065 0.065 0.069 0.11 0.11 0.11 0.105 0.063 0.064 0.064 0.062 0.053 0.053 0.054 0.051
0.087 0.064 0.064 0.064 0.062 0.058 0.058 0.056 0.055 0.055 0.053 0.051 0.05 0.059 0.056 0.052 0.05 0.054 0.051 0.049 0.045 0.035 0.034 0.033 0.03 0 0 0 0 0 0 0 0 0 0 0 0 0 0 0 0 0 0 0 0 0 0 0 0 0 0 0 0 0 0 0 0 0 0 0 0.0013363260 0.013 0.013 0.013 0.015 0.029 0.029 0.029 0.031 0.05 0.05 0.05 0.051 0.065 0.065 0.066 0.07 0.111 0.111 0.111 0.106 0.064 0.064 0.064 0.063 0.054 0.054 0.054 0.051
0.084 0.067 0.067 0.067 0.065 0.057 0.056 0.055 0.056 0.07 0.068 0.066 0.064 0.071 0.066 0.063 0.06 0.059 0.056 0.054 0.05 0.029 0.018 0.017 0.016 0.0026804646 0.0026639118 0.0026474402 0.0024936642 0.0013756827 0.0019488835 0.0019367730 0.0018575394 0.0012751562 0.0012672042 0.0012592926 0.0011200118 0 0 0 0 0 0 0 0 0 0 0 0 0 0 0 0 0 0 0 0 0 0 0 0.0006430364 0.0060591623 0.0061034728 0.0061981981 0.0088381236 0.027 0.027 0.027 0.028 0.037 0.037 0.039 0.051 0.07 0.07 0.07 0.074 0.104 0.104 0.104 0.102 0.079 0.079 0.079 0.075 0.048 0.048 0.048 0.045
0.084 0.069 0.069 0.068 0.067 0.057 0.056 0.055 0.057 0.076 0.074 0.072 0.07 0.075 0.071 0.067 0.064 0.061 0.058 0.056 0.05 0.018 0.0099435626 0.0094867311 0.0088915722 0.0040000002 0.0040000002 0.0040000002 0.0037813422 0.0020559451 0.0025155551 0.0025195917 0.0024662649 0.0020000001 0.0020000001 0.0020000001 0.0017805817 0 0 0 0 0 0 0 0 0 0 0 0 0 0 0 0 0 0 0 0 0 0 0 0 0 0 0 0.0027818952 0.025 0.025 0.025 0.025 0.025 0.025 0.027 0.044 0.074 0.075 0.075 0.078 0.096 0.096 0.097 0.097 0.096 0.096 0.096 0.089 0.041 0.04 0.041 0.038
0.086 0.07 0.07 0.069 0.067 0.058 0.057 0.056 0.058 0.077 0.074 0.072 0.07 0.074 0.07 0.066 0.063 0.06 0.057 0.054 0.048 0.0099593280 0.0095738098 0.0089999996 0.0084292870 0.0039612139 0.0036643904 0.0036685076 0.0034815539 0.0020000001 0.0020000001 0.0020000001 0.0019644247 0.0016927858 0.0017314396 0.0020000001 0.0017711810 0 0 0 0 0 0 0 0 0 0 0 0 0 0 0 0 0 0 0 0 0 0 0 0 0 0 0 0.0029047064 0.025 0.025 0.025 0.025 0.026 0.026 0.026 0.032 0.075 0.075 0.076 0.079 0.097 0.097 0.098 0.098 0.097 0.097 0.097 0.091 0.041 0.041 0.042 0.039
0.087 0.071 0.071 0.07 0.068 0.059 0.058 0.057 0.058 0.077 0.075 0.072 0.069 0.073 0.069 0.065 0.061 0.059 0.056 0.054 0.047 0.012 0.0088129034 0.0088171009 0.0082469024 0.0038808712 0.0030000000 0.0030000000 0.0028808825 0.0020000001 0.0020000001 0.0020000001 0.0018808906 0.0010000000 0.0011026646 0.0018658972 0.0016471174 0 0 0 0 0 0 0 0 0 0 0 0 0 0 0 0 0 0 0 0 0 0 0 0 0 0 0 0.0031022266 0.026 0.026 0.026 0.026 0.026 0.026 0.026 0.032 0.076 0.077 0.077 0.08 0.098 0.099 0.099 0.099 0.098 0.098 0.099 0.092 0.042 0.042 0.042 0.039
0.087 0.071 0.071 0.07 0.067 0.061 0.06 0.059 0.06 0.078 0.075 0.072 0.069 0.073 0.068 0.064 0.061 0.058 0.055 0.053 0.048 0.021 0.0081095602 0.0080885720 0.0075644669 0.0038829565 0.0029947571 0.0029988738 0.0028759888 0.0020000001 0.0020000001 0.0020000001 0.0018760941 0.0010000000 0.0010033594 0.0010310778 0.0009068686 0 0 0 0 0 0 0 0 0 0 0 0 0 0 0 0 0 0 0 0 0 0 0 0 0 0 0 0.0032067385 0.026 0.026 0.026 0.026 0.027 0.027 0.027 0.033 0.077 0.078 0.079 0.081 0.1 0.1 0.1 0.099 0.099 0.098 0.099 0.091 0.042 0.042 0.042 0.037
0.079 0.061 0.061 0.061 0.061 0.073 0.072 0.07 0.07 0.078 0.075 0.071 0.069 0.073 0.068 0.063 0.061 0.072 0.068 0.064 0.055 0.015 0.012 0.012 0.011 0.0044972296 0.0021599403 0.0021640568 0.0021464773 0.0020000001 0.0020000001 0.0020000001 0.0019762758 0.0018116707 0.0018076962 0.0018037419 0.0019796444 0.0031835765 0.0031680027 0.0032536795 0.0038207334 0.0032218790 0.0038831467 0.0039632530 0.0043187425 0.0022959406 0.0023822715 0.0031285016 0.0032883370 0.0003840471 0.0030829511 0.0039061846 0.0045156395 0 0 0 0 0 0 0 0 0 0 0 0.0010003853 0.0079420758 0.0080285557 0.0081145084 0.0082400581 0.0086034825 0.0086911004 0.0087781707 0.013 0.043 0.044 0.048 0.07 0.083 0.083 0.084 0.082 0.071 0.07 0.071 0.068 0.05 0.05 0.049 0.043
0.078 0.061 0.06 0.06 0.061 0.074 0.073 0.072 0.071 0.078 0.075 0.071 0.068 0.072 0.068 0.063 0.06 0.073 0.068 0.065 0.056 0.013 0.012 0.012 0.011 0.0045979209 0.0020000001 0.0020000001 0.0020000001 0.0020000001 0.0020000001 0.0020000001 0.0020000001 0.0020000001 0.0020000001 0.0020000001 0.0021818758 0.0033692853 0.0034565853 0.0040501449 0.0042479816 0.0035175891 0.0043885484 0.0045250552 0.0049981731 0.0024794287 0.0031325109 0.0040539452 0.0038270787 0.0004518002 0.0036274879 0.0052643619 0.0060751857 0 0 0 0 0 0 0 0 0 0 0 0 0 0 0 0 0 0 0 0.0034700434 0.027 0.028 0.03 0.05 0.075 0.075 0.076 0.073 0.055 0.055 0.055 0.055 0.054 0.054 0.054 0.047
0.079 0.061 0.061 0.06 0.062 0.074 0.073 0.072 0.071 0.078 0.075 0.07 0.068 0.071 0.066 0.062 0.059 0.071 0.067 0.064 0.054 0.012 0.012 0.012 0.011 0.0041406141 0.0020000001 0.0020000001 0.0020000001 0.0020000001 0.0020000001 0.0020000001 0.0020000001 0.0020000001 0.0020000001 0.0020000001 0.0021379041 0.0030000000 0.0030741387 0.0036052272 0.0038624767 0.0030755743 0.0036150157 0.0040765153 0.0042100083 0.0020774433 0.0027057372 0.0036309983 0.0034528626 0.0002377830 0.0021374775 0.0048601511 0.0056915837 0 0 0 0 0 0 0 0 0 0 0 0 0 0 0 0 0 0 0 0.0036838951 0.027 0.028 0.028 0.036 0.076 0.077 0.078 0.074 0.056 0.056 0.056 0.056 0.055 0.055 0.055 0.047
0.079 0.061 0.061 0.06 0.062 0.075 0.074 0.072 0.071 0.078 0.074 0.07 0.067 0.07 0.065 0.06 0.058 0.07 0.066 0.062 0.054 0.017 0.012 0.012 0.011 0.0050063008 0.0026890244 0.0025829603 0.0020000001 0.0020000001 0.0020000001 0.0020000001 0.0020000001 0.0020000001 0.0020000001 0.0020000001 0.0020992120 0.0027424383 0.0030000000 0.0031006234 0.0035691368 0.0027555507 0.0031020036 0.0037620086 0.0036391993 0.0015368022 0.0021414212 0.0031413056 0.0034352373 0 0.0005638480 0.0042816969 0.0051555890 0 0 0 0 0 0 0 0 0 0 0 0 0 0 0 0 0 0 0 0.0039041208 0.028 0.029 0.029 0.036 0.078 0.078 0.079 0.075 0.057 0.057 0.057 0.058 0.056 0.056 0.056 0.048
0.079 0.063 0.063 0.062 0.062 0.07 0.069 0.068 0.068 0.078 0.074 0.07 0.067 0.072 0.066 0.061 0.058 0.063 0.059 0.056 0.05 0.026 0.014 0.014 0.013 0.0067797471 0.0040266789 0.0039300560 0.0023863288 0.0016659086 0.0016740173 0.0016820855 0.0017359394 0.0020000001 0.0020000001 0.0020000001 0.0020409757 0.0023976183 0.0031312858 0.0031274138 0.0030493564 0.0027452337 0.0035965715 0.0038190668 0.0040338458 0.0006951849 0.0024485057 0.0034372360 0.0036980454 0.0002824857 0.0009008694 0.0044314582 0.0051297364 0 0 0 0 0 0 0 0 0 0 0 0 0 0 0 0 0 0 0 0.0040837331 0.029 0.028 0.029 0.036 0.08 0.08 0.081 0.077 0.058 0.059 0.059 0.059 0.057 0.057 0.057 0.048
0.08 0.068 0.068 0.067 0.062 0.057 0.056 0.055 0.057 0.078 0.074 0.07 0.068 0.08 0.073 0.067 0.059 0.042 0.038 0.035 0.032 0.027 0.026 0.025 0.023 0.0040000002 0.0041537085 0.0049999999 0.0042331917 0 0.0000043781 0.0000124457 0.0003226955 0.0020000001 0.0020000001 0.0020000001 0.0022960589 0.0039445544 0.0039661080 0.0039622365 0.0043871640 0.0069239233 0.0078972653 0.0088325338 0.0087722559 0.0039173332 0.0049574324 0.0059461389 0.0061848983 0.0029124441 0.0040069409 0.0058594230 0.0051038866 0 0 0 0 0 0 0 0 0 0 0 0 0 0 0 0 0 0 0 0.0006536798 0.0045402255 0.0045178351 0.0047460655 0.0091079278 0.034 0.035 0.036 0.036 0.041 0.041 0.041 0.041 0.037 0.037 0.037 0.034
0.082 0.069 0.068 0.068 0.065 0.057 0.056 0.055 0.057 0.078 0.073 0.069 0.067 0.078 0.072 0.066 0.058 0.041 0.037 0.034 0.031 0.026 0.025 0.025 0.022 0.0040000002 0.0041586473 0.0049999999 0.0042087417 0 0 0 0.0003149345 0.0020000001 0.0020000001 0.0020000001 0.0021866604 0.0031951780 0.0033242595 0.0040000002 0.0043440871 0.0063663539 0.0073699742 0.0083735744 0.0084117474 0.0040349839 0.0043842569 0.0053877779 0.0057370784 0.0031542194 0.0041916459 0.0053635389 0.0050780391 0 0 0 0 0 0 0 0 0 0 0 0 0 0 0 0 0 0 0 0 0 0 0 0.0038328583 0.026 0.026 0.026 0.027 0.038 0.038 0.038 0.037 0.033 0.033 0.033 0.031
0.082 0.069 0.068 0.068 0.065 0.057 0.056 0.055 0.057 0.078 0.073 0.068 0.067 0.077 0.071 0.065 0.057 0.04 0.036 0.033 0.03 0.025 0.024 0.024 0.022 0.0040000002 0.0041635851 0.0049999999 0.0041842936 0 0 0 0.0003245195 0.0020000001 0.0020000001 0.0018953636 0.0016216913 0.0030000000 0.0030586263 0.0033681183 0.0037938214 0.0060602422 0.0065397001 0.0075432761 0.0075888601 0.0034880370 0.0041592359 0.0051590228 0.0055235666 0.0031585994 0.0041583884 0.0051581780 0.0050521949 0 0 0 0 0 0 0 0 0 0 0 0 0 0 0 0 0 0 0 0 0 0 0 0.0040562502 0.026 0.026 0.026 0.028 0.038 0.038 0.038 0.038 0.033 0.033 0.033 0.031
0.083 0.069 0.069 0.068 0.064 0.057 0.056 0.054 0.057 0.077 0.073 0.068 0.066 0.076 0.07 0.064 0.056 0.04 0.035 0.032 0.029 0.024 0.024 0.024 0.021 0.0040000002 0.0041685225 0.0049999999 0.0041598487 0 0 0 0.0003341035 0.0020000001 0.0019190056 0.0014315865 0.0013321623 0.0030000000 0.0030000000 0.0030000000 0.0034189289 0.0056166593 0.0061646397 0.0070901867 0.0068050195 0.0031639251 0.0041636880 0.0051634517 0.0055103549 0.0031629794 0.0041627442 0.0051625092 0.0050263526 0 0 0 0 0 0 0 0 0 0 0 0 0 0 0 0 0 0 0 0 0 0 0 0.0042858520 0.027 0.027 0.027 0.029 0.039 0.039 0.039 0.038 0.034 0.034 0.034 0.031
0.082 0.083 0.082 0.08 0.073 0.052 0.051 0.049 0.05 0.061 0.057 0.053 0.052 0.062 0.056 0.05 0.046 0.045 0.041 0.038 0.033 0.021 0.021 0.021 0.018 0.0025697662 0.0026984559 0.0036769216 0.0048258421 0.0005644931 0 0 0.0003436865 0.0020000001 0.0018286916 0.0010000000 0.0013415513 0.0030000000 0.0030000000 0.0030000000 0.0033394315 0.0051196590 0.0058791507 0.0067137517 0.0060905102 0.0031214629 0.0038931388 0.0048965863 0.0052295392 0.0029034223 0.0038633167 0.0046535181 0.0045787147 0 0 0 0 0 0 0 0 0 0 0 0 0 0 0 0 0 0 0 0 0 0 0 0.0039400812 0.025 0.025 0.025 0.029 0.039 0.039 0.039 0.038 0.029 0.029 0.029 0.027
0.082 0.099 0.098 0.096 0.086 0.046 0.045 0.043 0.041 0.04 0.037 0.034 0.033 0.041 0.036 0.03 0.031 0.055 0.05 0.047 0.04 0.015 0.015 0.015 0.013 0 0 0.0011811197 0.0058149137 0.0016449742 0 0 0.0003532685 0.0019718069 0.0016954907 0.0010000000 0.0013509394 0.0030000000 0.0030000000 0.0030000000 0.0033486255 0.0049999999 0.0051520439 0.0058999266 0.0054601966 0.0029060754 0.0031725916 0.0041723065 0.0044839350 0.0021717374 0.0030163077 0.0032469982 0.0033164516 0 0 0 0 0 0 0 0 0 0 0 0 0 0 0 0 0 0 0 0 0 0 0 0.0013137843 0.0080000004 0.0080000004 0.011 0.026 0.034 0.034 0.034 0.029 0.0006729978 0.0007722332 0.0008707802 0.0009044334
0.082 0.1 0.098 0.097 0.086 0.046 0.045 0.043 0.041 0.039 0.036 0.033 0.033 0.041 0.035 0.03 0.032 0.055 0.05 0.047 0.039 0.014 0.014 0.015 0.012 0 0 0.0009150642 0.0044464879 0.0016176091 0 0 0.0003628496 0.0018198515 0.0010075956 0.0010000000 0.0013603265 0.0030000000 0.0030000000 0.0030000000 0.0033578188 0.0049999999 0.0050071874 0.0052142269 0.0052978517 0.0022198167 0.0031770428 0.0041767335 0.0044707269 0.0021761158 0.0031634909 0.0039392472 0.0032992291 0 0 0 0 0 0 0 0 0 0 0 0 0 0 0 0 0 0 0 0 0 0 0 0.0013435745 0.0080000004 0.0080000004 0.01 0.023 0.035 0.035 0.035 0.029 0 0 0 0
0.083 0.1 0.099 0.097 0.085 0.046 0.045 0.043 0.041 0.039 0.036 0.032 0.032 0.04 0.034 0.029 0.032 0.054 0.05 0.046 0.038 0.014 0.014 0.014 0.012 0 0 0.0009396204 0.0041184882 0.0002509679 0 0 0.0002172171 0.0011387906 0.0010000000 0.0010000000 0.0013697126 0.0030000000 0.0030000000 0.0030000000 0.0032198119 0.0043479060 0.0049999999 0.0051824972 0.0052713510 0.0021818278 0.0031814934 0.0040406212 0.0038250498 0.0021804937 0.0031801614 0.0040000002 0.0032820080 0 0 0 0 0 0 0 0 0 0 0 0 0 0 0 0 0 0 0 0 0 0 0 0.0013733616 0.0080000004 0.0080000004 0.01 0.023 0.036 0.036 0.035 0.029 0 0 0 0
0.083 0.101 0.099 0.097 0.086 0.046 0.044 0.043 0.041 0.039 0.036 0.032 0.031 0.039 0.034 0.029 0.031 0.054 0.05 0.046 0.038 0.014 0.013 0.013 0.012 0 0 0.0008313892 0.0038801378 0.0016491545 0 0 0.0001910043 0.0010000000 0.0010000000 0.0010000000 0.0013790977 0.0030000000 0.0030000000 0.0028792284 0.0026709414 0.0040688734 0.0044885874 0.0050700293 0.0047476366 0.0021863021 0.0031859435 0.0040000002 0.0036295438 0.0021848711 0.0031845144 0.0040000002 0.0032647892 0 0 0 0 0 0 0 0 0 0 0 0 0 0 0 0 0 0 0 0 0 0 0 0.0014031457 0.0080000004 0.0080883484 0.0095432568 0.018 0.036 0.036 0.035 0.029 0 0 0 0
0.1 0.108 0.107 0.104 0.098 0.081 0.078 0.075 0.068 0.051 0.047 0.042 0.038 0.035 0.03 0.025 0.025 0.042 0.037 0.033 0.028 0.018 0.017 0.017 0.016 0.0070171105 0.0073853685 0.0078082741 0.0086952737 0.0043608062 0.0035784002 0.0035501833 0.0030282959 0.0009024604 0.0005048025 0.0005087525 0.0009011643 0.0025165917 0.0025204811 0.0023312685 0.0019135916 0.0035320278 0.0036386773 0.0041674301 0.0038826298 0.0011986606 0.0017574826 0.0022182970 0.0020213192 0.0012301996 0.0018035414 0.0022768020 0.0018602300 0 0 0 0 0 0 0 0 0 0 0 0 0 0 0 0 0 0 0 0.0023361603 0.013 0.013 0.013 0.012 0.0097181117 0.0098203449 0.01 0.013 0.024 0.024 0.024 0.02 0 0 0 0
0.109 0.111 0.11 0.108 0.106 0.102 0.099 0.096 0.085 0.06 0.054 0.049 0.042 0.032 0.027 0.022 0.021 0.033 0.027 0.023 0.021 0.021 0.021 0.021 0.019 0.013 0.014 0.014 0.013 0.0058517507 0.0066539771 0.0066580083 0.0054585272 0.0005326946 0 0 0.0003978652 0.0020000001 0.0019377251 0.0014918245 0.0011484502 0.0030000000 0.0030000000 0.0031960648 0.0032173726 0 0 0 0 0 0 0 0 0 0 0 0 0 0 0 0 0 0 0 0 0 0 0 0 0 0 0 0.0066748280 0.036 0.036 0.036 0.031 0.013 0.013 0.013 0.011 0 0 0 0 0 0 0 0
0.108 0.11 0.109 0.107 0.105 0.102 0.099 0.095 0.084 0.059 0.054 0.049 0.042 0.032 0.026 0.021 0.021 0.033 0.028 0.024 0.021 0.022 0.021 0.021 0.018 0.013 0.013 0.013 0.011 0.0051684696 0.0058191549 0.0058231852 0.0046304641 0 0 0 0.0004072474 0.0019689007 0.0016480777 0.0006817777 0.0006056555 0.0030000000 0.0030000000 0.0032005862 0.0031993832 0 0 0 0 0 0 0 0 0 0 0 0 0 0 0 0 0 0 0 0 0 0 0 0 0 0 0 0.0069756494 0.037 0.037 0.037 0.033 0.013 0.013 0.013 0.011 0 0 0 0 0 0 0 0
0.108 0.109 0.108 0.106 0.104 0.101 0.098 0.094 0.083 0.058 0.053 0.048 0.041 0.031 0.026 0.021 0.022 0.034 0.029 0.024 0.022 0.023 0.021 0.021 0.018 0.012 0.012 0.012 0.01 0.0049958285 0.0049843322 0.0049883621 0.0039512031 0.0000174304 0 0 0.0004166287 0.0017946640 0.0008086101 0.0000157613 0.0006194367 0.0030000000 0.0030000000 0.0032051073 0.0031813961 0 0 0 0 0 0 0 0 0 0 0 0 0 0 0 0 0 0 0 0 0 0 0 0 0 0 0 0.0074378191 0.039 0.038 0.038 0.033 0.014 0.014 0.014 0.011 0 0 0 0 0 0 0 0
0.107 0.109 0.107 0.105 0.103 0.1 0.097 0.093 0.083 0.058 0.053 0.047 0.041 0.031 0.026 0.021 0.023 0.035 0.03 0.026 0.023 0.023 0.022 0.021 0.018 0.012 0.012 0.011 0.0098093664 0.0048150732 0.0041495087 0.0041535385 0.0041693081 0.0040124985 0.0035165353 0.0037981011 0.0020254930 0.0003169057 0.0001427631 0 0.0006332165 0.0030000000 0.0030000000 0.0032096279 0.0031634104 0 0 0 0 0 0 0 0 0 0 0 0 0 0 0 0 0 0 0 0 0 0 0 0 0 0 0 0.0077758748 0.04 0.039 0.039 0.034 0.014 0.014 0.014 0.011 0 0 0 0 0 0 0 0
0.105 0.079 0.078 0.077 0.084 0.111 0.104 0.099 0.088 0.065 0.059 0.053 0.042 0.024 0.02 0.016 0.015 0.015 0.013 0.01 0.0094505129 0.013 0.012 0.011 0.01 0.011 0.011 0.01 0.014 0.025 0.024 0.023 0.023 0.024 0.024 0.025 0.021 0.0030883590 0.0001416311 0.0007902420 0.0012423334 0.0010736884 0.0010851092 0.0011747380 0.0011614682 0 0 0 0 0 0 0 0 0 0 0 0 0 0 0 0 0 0 0 0 0 0 0 0 0 0 0 0.0072418642 0.036 0.036 0.036 0.03 0.0067507802 0.0067938804 0.0068366965 0.0055325348 0 0 0 0 0 0 0 0
0.104 0.072 0.07 0.069 0.079 0.113 0.108 0.102 0.09 0.067 0.06 0.054 0.043 0.022 0.018 0.014 0.012 0.0085348180 0.0065359017 0.0045369850 0.0043858006 0.0087695736 0.0077701132 0.0067706523 0.0072686849 0.011 0.011 0.0099999998 0.015 0.033 0.032 0.032 0.032 0.033 0.034 0.035 0.03 0.0059275110 0.0006016833 0.0012207881 0.0015594856 0 0 0 0 0 0 0 0 0 0 0 0 0 0 0 0 0 0 0 0 0 0 0 0 0 0 0 0 0 0 0 0.0068656579 0.034 0.034 0.033 0.027 0 0 0 0 0 0 0 0 0 0 0 0
0.102 0.071 0.069 0.068 0.078 0.112 0.108 0.102 0.09 0.066 0.06 0.053 0.042 0.022 0.018 0.014 0.011 0.0084272427 0.0062167943 0.0045267837 0.0044162581 0.0087645212 0.0078562135 0.0071493802 0.0076935524 0.012 0.011 0.01 0.015 0.032 0.032 0.031 0.031 0.032 0.033 0.035 0.03 0.0071878745 0.0010730525 0.0014728347 0.0015503018 0 0 0 0 0 0 0 0 0 0 0 0 0 0 0 0 0 0 0 0 0 0 0 0 0 0 0 0 0 0 0 0.0073405877 0.035 0.035 0.034 0.027 0 0 0 0 0 0 0 0 0 0 0 0
0.101 0.07 0.068 0.067 0.077 0.11 0.106 0.101 0.089 0.066 0.059 0.053 0.042 0.021 0.017 0.014 0.011 0.0080866013 0.0057577025 0.0045734909 0.0046778973 0.0089864237 0.0081692981 0.0078129573 0.0084082177 0.012 0.011 0.011 0.015 0.032 0.032 0.031 0.031 0.031 0.032 0.034 0.03 0.0069014453 0.0012305995 0.0020354826 0.0016570209 0 0 0 0 0 0 0 0 0 0 0 0 0 0 0 0 0 0 0 0 0 0 0 0 0 0 0 0 0 0 0 0.0077801030 0.037 0.036 0.036 0.028 0 0 0 0 0 0 0 0 0 0 0 0
0.097 0.07 0.069 0.067 0.078 0.113 0.108 0.103 0.093 0.072 0.065 0.058 0.046 0.025 0.021 0.018 0.014 0.0093760407 0.0074667255 0.0063517694 0.0065555479 0.0096471291 0.0085247681 0.0077864965 0.0090099080 0.013 0.012 0.011 0.015 0.031 0.031 0.03 0.03 0.031 0.032 0.034 0.029 0.0055897716 0.0012352389 0.0022320740 0.0022866004 0 0 0 0 0 0 0 0 0 0 0 0 0 0 0 0 0 0 0 0 0 0 0 0 0 0 0 0 0 0 0 0.0072029019 0.033 0.032 0.032 0.026 0 0 0 0 0 0 0 0 0 0 0 0
0.083 0.075 0.074 0.072 0.088 0.136 0.131 0.125 0.12 0.122 0.113 0.103 0.088 0.062 0.056 0.051 0.043 0.029 0.027 0.025 0.02 0.0081786159 0.0051804488 0.0044472041 0.0054876255 0.0090073766 0.01 0.0090098940 0.011 0.02 0.019 0.019 0.016 0.0083628381 0.0095072715 0.011 0.0092081307 0.0009354199 0.0002135314 0.0003943000 0.0004109872 0 0 0 0 0 0 0 0 0 0 0 0 0 0 0 0 0 0 0 0 0 0 0 0 0 0 0 0 0 0 0 0.0021104226 0.0096870540 0.0094921133 0.0094211763 0.0076465635 0 0 0 0 0 0 0 0 0 0 0 0
0.082 0.075 0.074 0.072 0.088 0.136 0.131 0.125 0.121 0.124 0.115 0.106 0.09 0.065 0.059 0.053 0.045 0.031 0.029 0.027 0.021 0.0063440325 0.0047449740 0.0040000002 0.0051972000 0.0084973834 0.0076158843 0.0066288682 0.0091089653 0.018 0.018 0.018 0.014 0.0049300310 0.0059254095 0.0070870174 0.0062904069 0 0 0.0001606466 0.0004956155 0 0 0 0 0 0 0 0 0 0 0 0 0 0 0 0 0 0 0 0 0 0 0 0 0 0 0 0 0 0 0 0 0 0 0 0 0 0 0 0 0 0 0 0 0 0 0 0
0.082 0.075 0.073 0.071 0.088 0.135 0.13 0.124 0.12 0.123 0.115 0.105 0.09 0.065 0.059 0.053 0.045 0.031 0.029 0.027 0.021 0.0057392605 0.0048861057 0.0044131582 0.0052934298 0.0086257746 0.0072880811 0.0062846560 0.0091205742 0.019 0.019 0.019 0.016 0.0062866891 0.0072780773 0.0083928034 0.0071240086 0.0001252503 0.0006213802 0.0011129840 0.0011205582 0 0 0 0 0 0 0 0 0 0 0 0 0 0 0 0 0 0 0 0 0 0 0 0 0 0 0 0 0 0 0 0 0 0 0 0 0 0 0 0 0 0 0 0 0 0 0 0
0.081 0.075 0.073 0.071 0.088 0.134 0.13 0.123 0.12 0.122 0.114 0.105 0.09 0.066 0.059 0.054 0.045 0.031 0.029 0.028 0.021 0.0057342080 0.0049999999 0.0048394385 0.0056043970 0.0087370416 0.0078374641 0.0073113171 0.011 0.02 0.02 0.02 0.017 0.0076092104 0.0086045405 0.0096879201 0.0080412682 0.0005906564 0.0015860697 0.0023284012 0.0017378336 0 0 0 0 0 0 0 0 0 0 0 0 0 0 0 0 0 0 0 0 0 0 0 0 0 0 0 0 0 0 0 0 0 0 0 0 0 0 0 0 0 0 0 0 0 0 0 0
